1.857 6 ROTORCRAFT_STATUS 0 0 2 0 0 0 0 0 0 0 126 22
1.931 6 FINKEN_SENSOR_MODEL 190 142 136 188 0. 0. 0.222656 0.091309 -0.027588 3.083008 0. 0. 0. -0.015869 0.011475 -0.031738 0.421875 0.24707 -9.635742
1.965 6 RC 0,0,0,0,0,0,0,0,0,0,0,0
2.042 6 FINKEN_SENSOR_MODEL 189 143 136 188 0. 0. 0.222656 0.091309 -0.027588 3.083008 0. 0. 0. -0.015869 0.016846 -0.029785 0.464844 0.289062 -9.602539
2.050 6 LINK_REPORT 6 -1 2 0 1241 21 0 914. 16. 0 0.
2.052 6 FINKEN_IR_ADC 0.224762 2570
2.132 6 FINKEN_SENSOR_MODEL 189 143 136 187 0. 0. 0.222656 0.091553 -0.027588 3.083008 0. 0. 0. -0.013672 0.006348 -0.029785 0.555664 0.222656 -9.645508
2.152 6 ROTORCRAFT_NAV_STATUS 12 12 120. 0. 1 2 3
2.231 6 FINKEN_SENSOR_MODEL 189 143 136 187 0. 0. 0.222656 0.091064 -0.027588 3.083008 0. 0. 0. -0.014893 0.012695 -0.027588 0.469727 0.208984 -9.665039
2.298 6 ROTORCRAFT_FP 0 0 817 0 0 3639722 -113 374 12628 0 0 0 0 0 0
2.416 6 FINKEN_SENSOR_MODEL 189 144 136 187 0. 0. 0.222656 0.091309 -0.027588 3.083008 0. 0. 0. -0.015869 0.009521 -0.026367 0.479492 0.280273 -9.597656
2.514 6 FINKEN_SENSOR_MODEL 189 144 136 187 0. 0. 0.222656 0.091064 -0.027588 3.083008 0. 0. 0. -0.016846 0.011475 -0.027588 0.393555 0.18457 -9.635742
2.613 6 FINKEN_SENSOR_MODEL 190 144 136 187 0. 0. 0.222656 0.091309 -0.027588 3.083008 0. 0. 0. -0.019043 0.014893 -0.030762 0.564453 0.260742 -9.592773
2.715 6 FINKEN_SENSOR_MODEL 190 144 136 187 0. 0. 0.222656 0.091064 -0.027588 3.083008 0. 0. 0. -0.013672 0.015869 -0.030762 0.383789 0.260742 -9.72168
2.812 6 FINKEN_SENSOR_MODEL 190 144 136 187 0. 0. 0.222656 0.091064 -0.027588 3.083008 0. 0. 0. -0.010498 0.016846 -0.030762 0.398438 0.237305 -9.683594
2.913 6 FINKEN_SENSOR_MODEL 190 144 136 187 0. 0. 0.222656 0.091309 -0.027588 3.083008 0. 0. 0. -0.018066 0.005127 -0.028564 0.564453 0.232422 -9.736328
3.050 6 LINK_REPORT 6 -1 3 0 1930 32 0 689. 11. 0 0.
3.153 6 ROTORCRAFT_NAV_STATUS 13 13 120. 0. 1 2 3
3.230 6 FINKEN_SENSOR_MODEL 190 142 136 187 0. 0. 0.222656 0.091064 -0.027588 3.083008 0. 0. 0. -0.010498 0.013672 -0.025391 0.436523 0.194336 -9.650391
3.295 6 ROTORCRAFT_FP 0 0 767 0 0 3419059 -113 373 12628 0 0 0 0 0 0
3.409 6 FINKEN_SENSOR_MODEL 189 142 136 188 0. 0. 0.222656 0.091309 -0.027588 3.083008 0. 0. 0. -0.016846 0.016846 -0.029785 0.555664 0.336914 -9.630859
3.441 6 DL_VALUE 8 0.5
3.519 6 FINKEN_SENSOR_MODEL 189 142 136 188 0. 0. 0.222656 0.091064 -0.027588 3.083008 0. 0. 0. -0.015869 0.012695 -0.029785 0.484375 0.24707 -9.630859
3.553 6 FINKEN_ACTUATORS_MODEL 0. -0. 0. 0.318062
3.633 6 FINKEN_SENSOR_MODEL 189 142 136 188 0. 0. 0.222656 0.091064 -0.027588 3.083008 0. 0. 0. -0.015869 0.022217 -0.030762 0.493164 0.194336 -9.574219
3.653 6 FINKEN_SYSTEM_SET_POINT 0.6 0. 0. 0.
3.733 6 FINKEN_SENSOR_MODEL 189 142 137 188 0. 0. 0.222656 0.091064 -0.027588 3.083008 0. 0. 0. -0.016846 0.013672 -0.028564 0.541016 0.265625 -9.708008
3.755 6 ALIVE 51,12,6,153,130,67,51,149,187,61,126,71,158,170,127,210
3.832 6 FINKEN_SENSOR_MODEL 189 142 137 188 0. 0. 0.222656 0.091064 -0.027588 3.083008 0. 0. 0. -0.015869 0.019043 -0.027588 0.383789 0.199219 -9.645508
3.854 6 ROTORCRAFT_STATUS 0 0 2 0 0 0 0 0 0 0 126 24
3.934 6 FINKEN_SENSOR_MODEL 189 142 137 187 0. 0. 0.222656 0.091064 -0.027588 3.083008 0. 0. 0. -0.011475 0.014893 -0.028564 0.522461 0.265625 -9.708008
3.967 6 RC 0,0,0,0,0,0,0,0,0,0,0,0
4.041 6 FINKEN_SENSOR_MODEL 189 142 136 187 0. 0. 0.222656 0.09082 -0.027588 3.083008 0. 0. 0. -0.014893 0.009521 -0.028564 0.413086 0.251953 -9.703125
4.050 6 LINK_REPORT 6 -1 4 0 2739 48 1 809. 16. 0 0.
4.055 6 FINKEN_IR_ADC 0.224571 2571
4.134 6 FINKEN_SENSOR_MODEL 189 142 136 187 0. 0. 0.222656 0.09082 -0.027344 3.083008 0. 0. 0. -0.000977 0.013672 -0.040283 0.350586 0.18457 -9.712891
4.155 6 ROTORCRAFT_NAV_STATUS 14 14 120. 0. 1 2 3
4.231 6 FINKEN_SENSOR_MODEL 189 142 136 187 0. 0. 0.222656 0.091309 -0.027344 3.082764 0. 0. 0. 0.014893 -0.012695 -0.05957 1.305664 0.251953 -10.166992
4.304 6 ROTORCRAFT_FP 0 0 683 0 0 3127856 -113 368 12629 0 0 0 0 0 0
4.316 6 WP_MOVED_ENU 0 10529 10974 16640
4.407 6 FINKEN_SENSOR_MODEL 189 143 136 187 0. 0. 0.222656 0.091309 -0.027832 3.082764 0. 0. 0. 0.024414 0.019043 -0.026367 0.398438 0.298828 -9.665039
4.447 6 INS_REF 463580755 10300661 436507982 434622299 12728900 236843 185000 101809.
4.523 6 FINKEN_SENSOR_MODEL 189 142 136 187 0. 0. 0.222656 0.093262 -0.0271 3.082764 0. 0. 0. -0.065918 0.019043 -0.026367 0.94043 0.237305 -9.813477
4.611 6 FINKEN_SENSOR_MODEL 189 142 136 187 0. 0. 0.222656 0.091797 -0.026855 3.083008 0. 0. 0. 0.02124 0.010498 -0.031738 -0.104492 -0.013672 -9.688477
4.706 6 FINKEN_SENSOR_MODEL 190 142 136 187 0. 0. 0.222656 0.093018 -0.027344 3.083008 0. 0. 0. -0.038086 0.023193 -0.038086 0.731445 0.327148 -9.683594
4.805 6 FINKEN_SENSOR_MODEL 190 142 136 187 0. 0. 0.222656 0.093506 -0.026855 3.082764 0. 0. 0. 0.006348 0.007324 -0.022217 0.526367 0.071289 -9.635742
4.906 6 FINKEN_SENSOR_MODEL 190 142 136 187 0. 0. 0.222656 0.093018 -0.027344 3.082764 0. 0. 0. -0.003174 0.014893 -0.024414 0.398438 0.441406 -9.669922
5.004 6 FINKEN_SENSOR_MODEL 190 142 136 187 0. 0. 0.222656 0.093506 -0.026855 3.083008 0. 0. 0. -0.025391 0.016846 -0.015869 0.640625 0.242188 -9.793945
5.039 6 RC 0,0,0,0,0,0,0,0,0,0,0,0
5.050 6 LINK_REPORT 6 -1 5 0 3590 63 1 851. 15. 0 0.
5.114 6 FINKEN_SENSOR_MODEL 190 142 136 186 0. 0. 0.222656 0.093018 -0.027588 3.082764 0. 0. 0. -0.000977 0.013672 -0.001953 0.488281 0.550781 -9.726562
5.124 6 FINKEN_IR_ADC 0.224571 2571
5.204 6 FINKEN_SENSOR_MODEL 190 142 136 186 0. 0. 0.222656 0.092773 -0.026123 3.08252 0. 0. 0. 0.071289 0.013672 -0.016846 0.383789 -0.194336 -9.836914
5.224 6 ROTORCRAFT_NAV_STATUS 15 15 120. 0. 1 2 3
5.303 6 FINKEN_SENSOR_MODEL 190 142 136 186 0. 0. 0.222656 0.093262 -0.028076 3.08252 0. 0. 0. -0.045654 0.045654 -0.033936 0.555664 0.789062 -9.625977
5.403 6 FINKEN_SENSOR_MODEL 190 142 136 186 0. 0. 0.222656 0.093262 -0.026367 3.08252 0. 0. 0. -0.022217 0.007324 -0.041504 0.474609 0.071289 -9.583008
5.501 6 FINKEN_SENSOR_MODEL 190 142 136 186 0. 0. 0.222656 0.093262 -0.027588 3.081543 0. 0. 0. -0.040283 0.040283 -0.034912 0.40332 0.365234 -9.597656
5.806 6 FINKEN_SENSOR_MODEL 190 142 137 186 0. 0. 0.222656 0.09375 -0.026123 3.080566 0. 0. 0. -0.015869 0.022217 -0.02002 0.555664 0.151367 -9.635742
5.827 6 ALIVE 51,12,6,153,130,67,51,149,187,61,126,71,158,170,127,210
5.903 6 FINKEN_SENSOR_MODEL 190 142 137 186 0. 0. 0.222656 0.093506 -0.026611 3.080566 0. 0. 0. -0.003174 0.003174 -0.025391 0.413086 0.34668 -9.630859
5.925 6 ROTORCRAFT_STATUS 0 0 2 0 0 0 0 0 0 0 126 26
6.004 6 FINKEN_SENSOR_MODEL 190 142 137 187 0. 0. 0.222656 0.093506 -0.026367 3.080811 0. 0. 0. -0.022217 0.02002 -0.028564 0.50293 0.213867 -9.655273
6.036 6 RC 0,0,0,0,0,0,0,0,0,0,0,0
6.050 6 LINK_REPORT 6 -1 6 0 4292 76 2 702. 13. 1 -1.44898092699e+12
6.111 6 FINKEN_SENSOR_MODEL 190 142 137 187 0. 0. 0.222656 0.09375 -0.026367 3.080811 0. 0. 0. -0.014893 0.016846 -0.029785 0.617188 0.289062 -9.612305
6.126 6 FINKEN_IR_ADC 0.224762 2570
6.201 6 FINKEN_SENSOR_MODEL 190 142 137 187 0. 0. 0.222656 0.093262 -0.026367 3.081055 0. 0. 0. -0.026367 0.009521 -0.028564 0.408203 0.265625 -9.62207
6.225 6 ROTORCRAFT_NAV_STATUS 16 16 120. 0. 1 2 3
6.302 6 FINKEN_SENSOR_MODEL 190 142 137 187 0. 0. 0.222656 0.093506 -0.026611 3.081055 0. 0. 0. -0.010498 0.022217 -0.029785 0.545898 0.280273 -9.62207
6.401 6 FINKEN_SENSOR_MODEL 190 142 137 187 0. 0. 0.222656 0.09375 -0.026367 3.081055 0. 0. 0. -0.019043 0.008301 -0.029785 0.564453 0.255859 -9.617188
6.500 6 FINKEN_SENSOR_MODEL 190 142 137 187 0. 0. 0.222656 0.093262 -0.026367 3.081055 0. 0. 0. -0.010498 0.006348 -0.025391 0.436523 0.280273 -9.84668
6.511 6 DL_VALUE 9 1.
6.600 6 FINKEN_SENSOR_MODEL 190 142 137 187 0. 0. 0.222656 0.093506 -0.026611 3.081055 0. 0. 0. -0.014893 0.016846 -0.032959 0.507812 0.303711 -9.574219
6.624 6 FINKEN_ACTUATORS_MODEL 0. 0. 0. 0.327008
6.701 6 FINKEN_SENSOR_MODEL 190 142 137 187 0. 0. 0.222656 0.093506 -0.026367 3.081055 0. 0. 0. -0.010498 0.014893 -0.032959 0.550781 0.175781 -9.717773
6.721 6 FINKEN_SYSTEM_SET_POINT 0.6 0. 0. 0.
6.799 6 FINKEN_SENSOR_MODEL 190 142 137 188 0. 0. 0.222656 0.093506 -0.026611 3.081055 0. 0. 0. -0.016846 0.015869 -0.028564 0.507812 0.365234 -9.683594
6.900 6 FINKEN_SENSOR_MODEL 190 142 137 188 0. 0. 0.222656 0.093506 -0.026367 3.081055 0. 0. 0. -0.018066 0.013672 -0.030762 0.517578 0.199219 -9.655273
6.998 6 FINKEN_SENSOR_MODEL 190 142 137 188 0. 0. 0.222656 0.093506 -0.026611 3.081055 0. 0. 0. -0.009521 0.014893 -0.025391 0.53125 0.227539 -9.655273
7.029 6 RC 0,0,0,0,0,0,0,0,0,0,0,0
7.051 6 LINK_REPORT 6 -1 7 0 5151 92 2 859. 16. 1 -1.44898092699e+12
7.107 6 FINKEN_SENSOR_MODEL 190 142 137 188 0. 0. 0.222656 0.093506 -0.026367 3.081055 0. 0. 0. -0.018066 0.014893 -0.029785 0.441406 0.232422 -9.650391
7.120 6 FINKEN_IR_ADC 0.224381 2572
7.198 6 FINKEN_SENSOR_MODEL 190 142 137 188 0. 0. 0.222656 0.093506 -0.026611 3.081055 0. 0. 0. -0.012695 0.011475 -0.029785 0.597656 0.303711 -9.625977
7.222 6 ROTORCRAFT_NAV_STATUS 17 17 120. 0. 1 2 3
7.297 6 FINKEN_SENSOR_MODEL 190 143 137 188 0. 0. 0.222656 0.093262 -0.026367 3.081055 0. 0. 0. -0.018066 0.012695 -0.030762 0.474609 0.280273 -9.683594
7.360 6 ROTORCRAFT_FP 0 0 638 0 0 2875270 -109 382 12620 0 0 0 0 0 0
7.438 6 FINKEN_SENSOR_MODEL 190 143 137 188 0. 0. 0.222656 0.093506 -0.026611 3.081055 0. 0. 0. -0.015869 0.012695 -0.027588 0.53125 0.270508 -9.703125
7.515 6 FINKEN_SENSOR_MODEL 190 143 137 188 0. 0. 0.222656 0.093506 -0.026611 3.081055 0. 0. 0. -0.012695 0.010498 -0.029785 0.479492 0.260742 -9.635742
7.597 6 FINKEN_SENSOR_MODEL 190 143 137 188 0. 0. 0.222656 0.093262 -0.026611 3.081055 0. 0. 0. -0.011475 0.015869 -0.025391 0.479492 0.227539 -9.617188
7.695 6 FINKEN_SENSOR_MODEL 190 143 137 188 0. 0. 0.222656 0.093506 -0.026855 3.081055 0. 0. 0. -0.02002 0.009521 -0.030762 0.55957 0.285156 -9.665039
7.794 6 FINKEN_SENSOR_MODEL 190 143 137 187 0. 0. 0.222656 0.093262 -0.026367 3.080811 0. 0. 0. -0.012695 0.007324 -0.033936 0.849609 0.013672 -9.736328
7.818 6 ALIVE 51,12,6,153,130,67,51,149,187,61,126,71,158,170,127,210
7.896 6 FINKEN_SENSOR_MODEL 190 143 137 187 0. 0. 0.222656 0.091309 -0.027832 3.081543 0. 0. 0. -0.041504 0.02002 -0.028564 0.089844 0.631836 -9.774414
7.917 6 ROTORCRAFT_STATUS 0 0 2 0 0 0 0 0 0 0 126 28
7.996 6 FINKEN_SENSOR_MODEL 190 142 138 187 0. 0. 0.222656 0.091064 -0.026611 3.081787 0. 0. 0. -0.027588 -0.00415 -0.066895 0.270508 -0.199219 -9.760742
8.028 6 RC 0,0,0,0,0,0,0,0,0,0,0,0
8.050 6 LINK_REPORT 6 -1 8 0 6065 108 2 914. 16. 1 -1.44898092699e+12
8.103 6 FINKEN_SENSOR_MODEL 189 142 137 187 0. 0. 0.222656 0.090088 -0.027832 3.082031 0. 0. 0. -0.032959 -0.005127 -0.026367 0.250977 0.494141 -9.501953
8.118 6 FINKEN_IR_ADC 0.224571 2571
8.194 6 FINKEN_SENSOR_MODEL 189 142 137 187 0. 0. 0.222656 0.091553 -0.0271 3.081543 0. 0. 0. -0.013672 0.034912 -0.039307 0.673828 -0.080078 -9.755859
8.215 6 ROTORCRAFT_NAV_STATUS 18 18 120. 0. 1 2 3
8.293 6 FINKEN_SENSOR_MODEL 189 143 137 187 0. 0. 0.222656 0.090576 -0.027832 3.081787 0. 0. 0. -0.030762 -0.001953 -0.04248 0.246094 0.413086 -9.587891
8.359 6 ROTORCRAFT_FP 0 0 559 0 0 2686980 -114 369 12623 0 0 0 0 0 0
8.437 6 FINKEN_SENSOR_MODEL 189 143 137 187 0. 0. 0.222656 0.090332 -0.027344 3.081543 0. 0. 0. -0.008301 0.036133 -0.037109 0.375 0.237305 -9.688477
8.512 6 FINKEN_SENSOR_MODEL 189 143 137 187 0. 0. 0.222656 0.091553 -0.027832 3.081543 0. 0. 0. -0.015869 0. -0.027588 0.754883 0.356445 -9.617188
8.593 6 FINKEN_SENSOR_MODEL 189 143 137 187 0. 0. 0.222656 0.090088 -0.027344 3.081787 0. 0. 0. -0.016846 0.006348 -0.022217 0.212891 0.232422 -9.612305
8.690 6 FINKEN_SENSOR_MODEL 189 143 137 187 0. 0. 0.222656 0.09082 -0.027832 3.081787 0. 0. 0. -0.016846 0.025391 -0.025391 0.541016 0.351562 -9.673828
8.791 6 FINKEN_SENSOR_MODEL 189 142 137 187 0. 0. 0.222656 0.091064 -0.027344 3.081787 0. 0. 0. -0.013672 -0.000977 -0.028564 0.564453 0.15625 -9.688477
8.888 6 FINKEN_SENSOR_MODEL 189 142 137 188 0. 0. 0.222656 0.090088 -0.027588 3.081787 0. 0. 0. -0.015869 0.023193 -0.030762 0.265625 0.327148 -9.630859
8.987 6 FINKEN_SENSOR_MODEL 189 142 137 188 0. 0. 0.222656 0.091309 -0.027344 3.081543 0. 0. 0. -0.013672 0.015869 -0.030762 0.754883 0.208984 -9.635742
9.021 6 RC 0,0,0,0,0,0,0,0,0,0,0,0
9.051 6 LINK_REPORT 6 -1 9 0 6933 122 2 868. 14. 1 -1.44898092699e+12
9.103 6 FINKEN_SENSOR_MODEL 189 143 137 188 0. 0. 0.222656 0.090576 -0.027588 3.081787 0. 0. 0. -0.014893 0.003174 -0.027588 0.375 0.318359 -9.712891
9.110 6 FINKEN_IR_ADC 0.22419 2573
9.188 6 FINKEN_SENSOR_MODEL 189 143 137 187 0. 0. 0.222656 0.090576 -0.027344 3.081787 0. 0. 0. -0.012695 0.028564 -0.029785 0.393555 0.237305 -9.564453
9.210 6 ROTORCRAFT_NAV_STATUS 19 19 120. 0. 1 2 3
9.253 6 INS 0 0 -511 0 0 -2556261 -243 36 -5714
9.333 6 FINKEN_SENSOR_MODEL 189 143 137 187 0. 0. 0.222656 0.091309 -0.027832 3.081787 0. 0. 0. -0.016846 0.00415 -0.028564 0.688477 0.34668 -9.741211
9.353 6 WP_MOVED_ENU 1 -637 30720 16640
9.426 6 FINKEN_SENSOR_MODEL 189 142 137 187 0. 0. 0.222656 0.090088 -0.027588 3.081787 0. 0. 0. -0.014893 0.012695 -0.029785 0.275391 0.179688 -9.665039
9.504 6 FINKEN_SENSOR_MODEL 189 142 137 187 0. 0. 0.222656 0.09082 -0.027832 3.081543 0. 0. 0. -0.014893 0.025391 -0.028564 0.569336 0.360352 -9.655273
9.520 6 DL_VALUE 10 0.
9.592 6 FINKEN_SENSOR_MODEL 189 142 137 187 0. 0. 0.222656 0.09082 -0.027588 3.081543 0. 0. 0. -0.015869 0. -0.027588 0.588867 0.242188 -9.587891
9.616 6 FINKEN_ACTUATORS_MODEL 0. 0. 0. 0.336052
9.692 6 FINKEN_SENSOR_MODEL 189 142 137 187 0. 0. 0.222656 0.090088 -0.027588 3.081543 0. 0. 0. -0.015869 0.019043 -0.031738 0.255859 0.222656 -9.698242
9.717 6 FINKEN_SYSTEM_SET_POINT 0.6 0. 0. 0.
9.794 6 FINKEN_SENSOR_MODEL 189 142 137 187 0. 0. 0.222656 0.091064 -0.027588 3.081543 0. 0. 0. -0.019043 0.016846 -0.027588 0.688477 0.242188 -9.741211
9.817 6 ALIVE 51,12,6,153,130,67,51,149,187,61,126,71,158,170,127,210
9.895 6 FINKEN_SENSOR_MODEL 189 142 137 187 0. 0. 0.222656 0.090332 -0.027588 3.081543 0. 0. 0. -0.015869 0.006348 -0.030762 0.360352 0.336914 -9.703125
9.919 6 ROTORCRAFT_STATUS 0 0 2 0 0 0 0 0 0 0 126 30
9.997 6 FINKEN_SENSOR_MODEL 190 142 137 187 0. 0. 0.222656 0.090332 -0.027588 3.081543 0. 0. 0. -0.013672 0.022217 -0.029785 0.455078 0.227539 -9.660156
10.027 6 RC 0,0,0,0,0,0,0,0,0,0,0,0
10.051 6 LINK_REPORT 6 -1 10 0 7899 142 2 966. 20. 1 -1.44898092699e+12
10.106 6 FINKEN_SENSOR_MODEL 189 142 137 187 0. 0. 0.222656 0.091064 -0.027832 3.081543 0. 0. 0. -0.013672 0.00415 -0.029785 0.640625 0.242188 -9.62207
10.117 6 FINKEN_IR_ADC 0.224381 2572
10.198 6 FINKEN_SENSOR_MODEL 189 142 137 187 0. 0. 0.222656 0.090088 -0.027588 3.081543 0. 0. 0. -0.015869 0.011475 -0.027588 0.303711 0.189453 -9.712891
10.215 6 ROTORCRAFT_NAV_STATUS 20 20 120. 0. 1 2 3
10.440 6 FINKEN_SENSOR_MODEL 189 142 137 187 0. 0. 0.222656 0.09082 -0.027588 3.081543 0. 0. 0. -0.015869 0.001953 -0.027588 0.53125 0.285156 -9.688477
10.515 6 FINKEN_SENSOR_MODEL 189 142 137 187 0. 0. 0.222656 0.090088 -0.027588 3.081543 0. 0. 0. -0.015869 0.02002 -0.027588 0.459961 0.179688 -9.678711
10.782 6 FINKEN_SENSOR_MODEL 189 142 137 187 0. 0. 0.222656 0.090332 -0.027588 3.081543 0. 0. 0. -0.014893 0.02124 -0.026367 0.507812 0.232422 -9.612305
10.883 6 FINKEN_SENSOR_MODEL 189 142 137 187 0. 0. 0.222656 0.09082 -0.027588 3.081543 0. 0. 0. -0.014893 0.005127 -0.026367 0.655273 0.285156 -9.673828
10.984 6 FINKEN_SENSOR_MODEL 189 142 137 187 0. 0. 0.222656 0.090088 -0.027588 3.081787 0. 0. 0. -0.018066 0.015869 -0.029785 0.375 0.24707 -9.708008
11.014 6 RC 0,0,0,0,0,0,0,0,0,0,0,0
11.052 6 LINK_REPORT 6 -1 11 0 8481 152 4 582. 10. 2 -1.44898093199e+12
11.090 6 FINKEN_SENSOR_MODEL 189 142 137 187 0. 0. 0.222656 0.09082 -0.027588 3.081787 0. 0. 0. -0.013672 0.02002 -0.029785 0.612305 0.323242 -9.683594
11.103 6 FINKEN_IR_ADC 0.224571 2571
11.182 6 FINKEN_SENSOR_MODEL 189 142 137 187 0. 0. 0.222656 0.090576 -0.027588 3.081787 0. 0. 0. -0.016846 0.00415 -0.027588 0.459961 0.251953 -9.597656
11.201 6 ROTORCRAFT_NAV_STATUS 21 21 120. 0. 1 2 3
11.279 6 FINKEN_SENSOR_MODEL 189 142 137 187 0. 0. 0.222656 0.090088 -0.027832 3.081787 0. 0. 0. -0.015869 0.02002 -0.029785 0.322266 0.280273 -9.597656
11.345 6 ROTORCRAFT_FP 0 0 525 0 0 2345406 -113 371 12623 0 0 0 0 0 0
11.423 6 FINKEN_SENSOR_MODEL 189 142 137 187 0. 0. 0.222656 0.090576 -0.027832 3.081787 0. 0. 0. -0.016846 0.012695 -0.029785 0.650391 0.189453 -9.640625
11.505 6 FINKEN_SENSOR_MODEL 189 142 137 187 0. 0. 0.222656 0.090088 -0.027832 3.081787 0. 0. 0. -0.013672 0.008301 -0.029785 0.370117 0.293945 -9.635742
11.578 6 FINKEN_SENSOR_MODEL 189 142 137 187 0. 0. 0.222656 0.090332 -0.027832 3.081787 0. 0. 0. -0.015869 0.02124 -0.027588 0.484375 0.308594 -9.726562
11.679 6 FINKEN_SENSOR_MODEL 189 142 137 187 0. 0. 0.222656 0.090576 -0.027832 3.081787 0. 0. 0. -0.013672 0.006348 -0.029785 0.488281 0.260742 -9.602539
11.780 6 FINKEN_SENSOR_MODEL 189 142 137 187 0. 0. 0.222656 0.090088 -0.027588 3.081787 0. 0. 0. -0.014893 0.015869 -0.025391 0.317383 0.217773 -9.630859
11.803 6 ALIVE 51,12,6,153,130,67,51,149,187,61,126,71,158,170,127,210
11.982 6 FINKEN_SENSOR_MODEL 189 143 137 187 0. 0. 0.222656 0.090332 -0.027588 3.081787 0. 0. 0. -0.018066 0.010498 -0.029785 0.488281 0.280273 -9.62207
12.014 6 RC 0,0,0,0,0,0,0,0,0,0,0,0
12.052 6 LINK_REPORT 6 -1 12 0 9298 166 5 817. 14. 2 -1.44898093199e+12
12.089 6 FINKEN_SENSOR_MODEL 189 143 137 187 0. 0. 0.222656 0.090088 -0.027588 3.081787 0. 0. 0. -0.014893 0.022217 -0.029785 0.469727 0.242188 -9.665039
12.100 6 FINKEN_IR_ADC 0.224571 2571
12.152 6 WIND_INFO 6 42 0. 0. 0.
12.282 6 FINKEN_SENSOR_MODEL 189 143 137 187 0. 0. 0.222656 0.090088 -0.027588 3.081787 0. 0. 0. -0.013672 0.011475 -0.028564 0.375 0.227539 -9.592773
12.346 6 ROTORCRAFT_FP 0 0 549 0 0 2376183 -113 369 12623 0 0 0 0 0 0
12.421 6 FINKEN_SENSOR_MODEL 189 143 137 187 0. 0. 0.222656 0.090332 -0.027588 3.081787 0. 0. 0. -0.016846 0.02124 -0.028564 0.512695 0.227539 -9.712891
12.499 6 FINKEN_SENSOR_MODEL 189 143 137 187 0. 0. 0.222656 0.090332 -0.027588 3.081787 0. 0. 0. -0.015869 0.009521 -0.026367 0.488281 0.298828 -9.703125
12.513 6 DL_VALUE 11 1.
12.588 6 FINKEN_SENSOR_MODEL 189 143 137 187 0. 0. 0.222656 0.089844 -0.027588 3.081787 0. 0. 0. -0.015869 0.016846 -0.029785 0.431641 0.217773 -9.741211
12.613 6 FINKEN_ACTUATORS_MODEL 0. 0. 0. 0.344998
12.691 6 FINKEN_SENSOR_MODEL 189 143 137 187 0. 0. 0.222656 0.090332 -0.027588 3.081543 0. 0. 0. -0.014893 0.011475 -0.025391 0.617188 0.213867 -9.602539
12.709 6 FINKEN_SYSTEM_SET_POINT 0.6 0. 0. 0.
12.788 6 FINKEN_SENSOR_MODEL 189 143 137 187 0. 0. 0.222656 0.090088 -0.027588 3.081787 0. 0. 0. -0.014893 0.008301 -0.026367 0.375 0.332031 -9.717773
12.873 6 FINKEN_SENSOR_MODEL 189 143 137 187 0. 0. 0.222656 0.090088 -0.027588 3.081787 0. 0. 0. -0.014893 0.02124 -0.027588 0.507812 0.275391 -9.698242
12.973 6 FINKEN_SENSOR_MODEL 189 144 137 187 0. 0. 0.222656 0.090332 -0.027832 3.081787 0. 0. 0. -0.015869 0.010498 -0.026367 0.53125 0.24707 -9.760742
13.005 6 RC 0,0,0,0,0,0,0,0,0,0,0,0
13.053 6 LINK_REPORT 6 -1 13 0 10126 181 6 828. 15. 3 -1.44898093199e+12
13.085 6 FINKEN_SENSOR_MODEL 189 143 137 187 0. 0. 0.222656 0.089844 -0.027832 3.081787 0. 0. 0. -0.014893 0.013672 -0.029785 0.365234 0.237305 -9.673828
13.096 6 FINKEN_IR_ADC 0.224571 2571
13.178 6 FINKEN_SENSOR_MODEL 189 143 137 187 0. 0. 0.222656 0.090088 -0.027832 3.081787 0. 0. 0. -0.015869 0.015869 -0.029785 0.555664 0.270508 -9.669922
13.196 6 ROTORCRAFT_NAV_STATUS 23 23 120. 0. 1 2 3
13.273 6 FINKEN_SENSOR_MODEL 189 143 137 187 0. 0. 0.222656 0.090088 -0.027832 3.081787 0. 0. 0. -0.012695 0.009521 -0.027588 0.421875 0.275391 -9.625977
13.339 6 ROTORCRAFT_FP 0 0 503 0 0 2245347 -114 368 12623 0 0 0 0 0 0
13.415 6 FINKEN_SENSOR_MODEL 189 143 137 187 0. 0. 0.222656 0.089844 -0.027832 3.081787 0. 0. 0. -0.012695 0.014893 -0.031738 0.398438 0.313477 -9.72168
13.494 6 FINKEN_SENSOR_MODEL 189 143 137 187 0. 0. 0.222656 0.090332 -0.027832 3.081787 0. 0. 0. -0.016846 0.018066 -0.027588 0.579102 0.293945 -9.678711
13.571 6 FINKEN_SENSOR_MODEL 190 143 137 187 0. 0. 0.222656 0.089844 -0.027832 3.081787 0. 0. 0. -0.014893 0.008301 -0.027588 0.421875 0.351562 -9.708008
13.674 6 FINKEN_SENSOR_MODEL 190 142 137 187 0. 0. 0.222656 0.089844 -0.027588 3.081787 0. 0. 0. -0.014893 0.018066 -0.029785 0.446289 0.199219 -9.708008
13.767 6 FINKEN_SENSOR_MODEL 189 142 137 187 0. 0. 0.222656 0.090088 -0.027832 3.081787 0. 0. 0. -0.013672 0.014893 -0.030762 0.55957 0.275391 -9.703125
13.794 6 ALIVE 51,12,6,153,130,67,51,149,187,61,126,71,158,170,127,210
13.868 6 FINKEN_SENSOR_MODEL 189 142 137 187 0. 0. 0.222656 0.089844 -0.027832 3.082031 0. 0. 0. -0.016846 0.013672 -0.029785 0.455078 0.255859 -9.703125
13.892 6 ROTORCRAFT_STATUS 0 0 2 0 0 0 0 0 0 0 126 34
13.971 6 FINKEN_SENSOR_MODEL 189 143 137 187 0. 0. 0.222656 0.090088 -0.027832 3.082031 0. 0. 0. -0.015869 0.012695 -0.028564 0.545898 0.213867 -9.717773
14.004 6 RC 0,0,0,0,0,0,0,0,0,0,0,0
14.052 6 LINK_REPORT 6 -1 14 0 11040 197 6 914. 16. 3 -1.44898093199e+12
14.079 6 FINKEN_SENSOR_MODEL 189 143 137 187 0. 0. 0.222656 0.089844 -0.027832 3.082275 0. 0. 0. -0.040283 0.011475 -0.008301 0.455078 0.255859 -9.755859
14.092 6 FINKEN_IR_ADC 0.224762 2570
14.170 6 FINKEN_SENSOR_MODEL 189 143 137 187 0. 0. 0.222656 0.088623 -0.027344 3.082275 0. 0. 0. -0.04248 -0.013672 -0.009521 -0.15625 -0.046875 -9.574219
14.192 6 ROTORCRAFT_NAV_STATUS 24 24 120. 0. 1 2 3
14.240 6 INS 0 0 -464 0 0 -2131915 349 139 -4668
14.314 6 FINKEN_SENSOR_MODEL 190 142 137 187 0. 0. 0.222656 0.09082 -0.02832 3.082031 0. 0. 0. 0.02124 0.036133 -0.036133 0.854492 0.660156 -9.803711
14.332 6 WP_MOVED_ENU 0 10529 10974 16640
14.414 6 FINKEN_SENSOR_MODEL 190 142 137 187 0. 0. 0.222656 0.092041 -0.026855 3.081299 0. 0. 0. -0.031738 0.001953 -0.041504 0.864258 0.336914 -9.516602
14.449 6 INS_REF 463580755 10300661 436507982 434622299 12728900 236843 185000 101809.
14.568 6 FINKEN_SENSOR_MODEL 190 142 137 187 0. 0. 0.222656 0.091553 -0.026611 3.077393 0. 0. 0. -0.095703 0.038086 -0.066895 0.426758 0.469727 -9.78418
14.667 6 FINKEN_SENSOR_MODEL 190 142 137 187 0. 0. 0.222656 0.092285 -0.025879 3.073242 0. 0. 0. -0.024414 0.025391 -0.093506 0.716797 0.123047 -9.765625
14.768 6 FINKEN_SENSOR_MODEL 190 142 137 187 0. 0. 0.222656 0.092773 -0.025879 3.064209 0. 0. 0. 0.016846 0.013672 -0.131836 0.977539 0.222656 -9.55957
14.965 6 FINKEN_SENSOR_MODEL 189 142 137 188 0. 0. 0.222656 0.092285 -0.024658 3.025879 0. 0. 0. 0.022217 0.025391 -0.243652 0.536133 -0.084961 -9.665039
14.999 6 RC 0,0,0,0,0,0,0,0,0,0,0,0
15.052 6 LINK_REPORT 6 -1 15 0 11795 211 7 755. 14. 3 -1.44898093199e+12
15.075 6 FINKEN_SENSOR_MODEL 189 142 137 188 0. 0. 0.222656 0.092285 -0.02417 3.006836 0. 0. 0. 0.012695 0.006348 -0.202148 0.441406 0.094727 -9.779297
15.086 6 FINKEN_IR_ADC 0.225143 2568
15.165 6 FINKEN_SENSOR_MODEL 189 142 137 188 0. 0. 0.222656 0.092041 -0.02417 2.989258 0. 0. 0. 0.001953 0.024414 -0.217041 0.550781 0.161133 -9.665039
15.185 6 ROTORCRAFT_NAV_STATUS 25 25 120. 0. 1 2 3
15.268 6 FINKEN_SENSOR_MODEL 189 142 137 188 0. 0. 0.222656 0.091553 -0.02417 2.970459 0. 0. 0. 0.016846 0.029785 -0.220215 0.484375 0.265625 -9.726562
15.331 6 ROTORCRAFT_FP 0 0 450 0 0 2069683 -99 374 12114 0 0 0 0 0 0
15.407 6 FINKEN_SENSOR_MODEL 188 142 137 189 0. 0. 0.222656 0.091309 -0.023438 2.951172 0. 0. 0. -0.000977 -0.00415 -0.205322 0.375 0.061523 -9.693359
15.488 6 FINKEN_SENSOR_MODEL 188 142 137 189 0. 0. 0.222656 0.091309 -0.02417 2.934814 0. 0. 0. -0.039307 0.015869 -0.212646 0.635742 0.422852 -9.683594
15.497 6 DL_VALUE 12 5.
15.674 6 FINKEN_SENSOR_MODEL 188 142 137 189 0. 0. 0.222656 0.090088 -0.023438 2.901611 0. 0. 0. -0.007324 0.006348 -0.191406 0.451172 0.108398 -9.693359
15.696 6 FINKEN_SYSTEM_SET_POINT 0.6 0. 0. 0.
15.775 6 FINKEN_SENSOR_MODEL 188 143 137 189 0. 0. 0.222656 0.091309 -0.023438 2.885254 0. 0. 0. 0.028564 0.015869 -0.198975 0.759766 0.066406 -9.62207
15.798 6 ALIVE 51,12,6,153,130,67,51,149,187,61,126,71,158,170,127,210
15.874 6 FINKEN_SENSOR_MODEL 188 143 137 189 0. 0. 0.222656 0.09082 -0.022949 2.865234 0. 0. 0. -0.011475 -0.011475 -0.257324 0.242188 0.080078 -9.669922
15.900 6 ROTORCRAFT_STATUS 0 0 2 0 0 0 0 0 0 0 126 36
15.976 6 FINKEN_SENSOR_MODEL 188 143 137 190 0. 0. 0.222656 0.091064 -0.023193 2.838135 0. 0. 0. -0.000977 0.024414 -0.338379 0.697266 0.318359 -9.37793
16.010 6 RC 0,0,0,0,0,0,0,0,0,0,0,0
16.053 6 LINK_REPORT 6 -1 16 0 12668 228 8 873. 17. 4 -1.44898093699e+12
16.086 6 FINKEN_SENSOR_MODEL 188 143 137 190 0. 0. 0.222656 0.091309 -0.023682 2.800537 0. 0. 0. -0.02124 0.022217 -0.493652 0.645508 0.242188 -9.578125
16.099 6 FINKEN_IR_ADC 0.224762 2570
16.177 6 FINKEN_SENSOR_MODEL 187 143 137 190 0. 0. 0.222656 0.09082 -0.023438 2.752441 0. 0. 0. -0.012695 0.037109 -0.516113 0.393555 0.084961 -9.818359
16.197 6 ROTORCRAFT_NAV_STATUS 26 26 120. 0. 1 2 3
16.273 6 FINKEN_SENSOR_MODEL 187 144 136 190 0. 0. 0.222656 0.090576 -0.02417 2.704346 0. 0. 0. 0.00415 0.028564 -0.505371 0.569336 0.242188 -9.703125
16.339 6 ROTORCRAFT_FP 0 0 441 0 0 1976580 -97 368 10956 0 0 0 0 0 0
16.461 6 FINKEN_SENSOR_MODEL 187 145 136 190 0. 0. 0.222656 0.089844 -0.024658 2.625488 0. 0. 0. 0.003174 -0.001953 -0.366943 0.564453 0.251953 -9.889648
16.560 6 FINKEN_SENSOR_MODEL 188 145 136 191 0. 0. 0.222656 0.088379 -0.025391 2.597656 0. 0. 0. 0.030762 0.061523 -0.261719 0.317383 0.522461 -9.736328
16.662 6 FINKEN_SENSOR_MODEL 190 147 136 191 0. 0. 0.222656 0.088379 -0.025391 2.579102 0. 0. 0. -0.051025 0.013672 -0.222412 0.55957 0.375 -9.693359
16.760 6 FINKEN_SENSOR_MODEL 190 147 138 191 0. 0. 0.222656 0.088623 -0.024902 2.558838 0. 0. 0. 0.012695 0.023193 -0.276611 0.673828 -0.099609 -9.72168
16.858 6 FINKEN_SENSOR_MODEL 190 147 138 191 0. 0. 0.222656 0.088135 -0.024902 2.526123 0. 0. 0. 0.030762 0.024414 -0.463867 0.954102 -0.170898 -9.879883
16.959 6 FINKEN_SENSOR_MODEL 181 147 139 187 0. 0. 0.222656 0.086426 -0.026123 2.478516 0. 0. 0. 0.00415 0.013672 -0.558594 0.655273 0.389648 -9.416016
16.989 6 RC 0,0,0,0,0,0,0,0,0,0,0,0
17.053 6 LINK_REPORT 6 -1 17 0 13462 241 8 794. 13. 4 -1.44898093699e+12
17.066 6 FINKEN_SENSOR_MODEL 174 147 139 173 0. 0. 0.222656 0.083984 -0.026367 2.438965 0. 0. 0. -0.022217 -0.040283 -0.329834 0.34668 0.394531 -9.501953
17.079 6 FINKEN_IR_ADC 0.224762 2570
17.157 6 FINKEN_SENSOR_MODEL 174 148 139 168 0. 0. 0.222656 0.081787 -0.026855 2.431396 0. 0. 0. -0.032959 0.018066 0.024414 0.250977 0.56543 -9.473633
17.180 6 ROTORCRAFT_NAV_STATUS 27 27 120. 0. 1 2 3
17.256 6 FINKEN_SENSOR_MODEL 173 150 139 165 0. 0. 0.222656 0.082031 -0.026123 2.434326 0. 0. 0. 0.012695 -0.006348 0.001953 0.459961 -0.023438 -9.602539
17.322 6 ROTORCRAFT_FP 0 0 470 0 0 2013695 -104 333 9982 0 0 0 0 0 0
17.401 6 FINKEN_SENSOR_MODEL 173 150 140 165 0. 0. 0.222656 0.080811 -0.025146 2.438477 0. 0. 0. -0.055176 0.02002 0.024414 -0.108398 0.189453 -9.248047
17.478 6 FINKEN_SENSOR_MODEL 173 150 140 165 0. 0. 0.222656 0.082764 -0.0271 2.441406 0. 0. 0. 0.044678 0.045654 -0.074463 0.759766 0.494141 -9.338867
17.555 6 FINKEN_SENSOR_MODEL 173 150 140 165 0. 0. 0.222656 0.082031 -0.026855 2.444336 0. 0. 0. -0.039307 -0.003174 -0.055176 0.046875 0.318359 -9.717773
17.657 6 FINKEN_SENSOR_MODEL 173 151 140 165 0. 0. 0.222656 0.081299 -0.0271 2.443604 0. 0. 0. -0.025391 0.072266 -0.116943 -0.764648 0.693359 -9.511719
17.755 6 FINKEN_SENSOR_MODEL 173 151 140 165 0. 0. 0.222656 0.088135 -0.025391 2.425537 0. 0. 0. 0.149902 0.049805 -0.268066 2.070312 -0.132812 -9.665039
17.781 6 ALIVE 51,12,6,153,130,67,51,149,187,61,126,71,158,170,127,210
17.858 6 FINKEN_SENSOR_MODEL 173 151 140 165 0. 0. 0.222656 0.08252 -0.025146 2.397949 0. 0. 0. -0.078613 0.083008 -0.415039 -0.583984 0.489258 -9.55957
17.881 6 ROTORCRAFT_STATUS 0 0 2 0 0 0 0 0 0 0 126 38
17.956 6 FINKEN_SENSOR_MODEL 173 151 140 164 0. 0. 0.222656 0.084717 -0.025146 2.359619 0. 0. 0. 0.049805 0.010498 -0.436279 1.001953 0.217773 -10.09082
17.990 6 RC 0,0,0,0,0,0,0,0,0,0,0,0
18.054 6 LINK_REPORT 6 -1 18 0 14376 257 8 914. 16. 4 -1.44898093699e+12
18.065 6 FINKEN_SENSOR_MODEL 170 151 140 164 0. 0. 0.222656 0.083008 -0.025391 2.311279 0. 0. 0. 0. 0.041504 -0.574463 0.298828 0.545898 -9.731445
18.080 6 FINKEN_IR_ADC 0.224571 2571
18.155 6 FINKEN_SENSOR_MODEL 163 157 141 163 0. 0. 0.222656 0.083496 -0.024414 2.255859 0. 0. 0. 0.008301 0.011475 -0.606445 0.579102 0.123047 -9.884766
18.180 6 ROTORCRAFT_NAV_STATUS 28 28 120. 0. 1 2 3
18.256 6 FINKEN_SENSOR_MODEL 159 162 142 162 0. 0. 0.222656 0.08252 -0.024414 2.201416 0. 0. 0. -0.066895 0.024414 -0.583008 0.655273 0.251953 -9.617188
18.322 6 ROTORCRAFT_FP 0 0 411 0 0 1894604 -99 336 8849 0 0 0 0 0 0
18.401 6 FINKEN_SENSOR_MODEL 153 162 143 160 0. 0. 0.222656 0.082275 -0.025391 2.146484 0. 0. 0. -0.038086 -0.005127 -0.624512 0.711914 0.94043 -9.673828
18.475 6 FINKEN_SENSOR_MODEL 149 163 150 154 0. 0. 0.222656 0.080811 -0.023926 2.092773 0. 0. 0. -0.069092 -0.006348 -0.615967 0.383789 0.118164 -9.750977
18.488 6 DL_VALUE 13 0.
18.566 6 FINKEN_SENSOR_MODEL 141 164 155 152 0. 0. 0.222656 0.081299 -0.02417 2.04248 0. 0. 0. 0.028564 0.010498 -0.560791 0.464844 0.341797 -9.574219
18.585 6 FINKEN_ACTUATORS_MODEL 0. 0. 0. 0.362987
18.671 6 FINKEN_SENSOR_MODEL 138 165 177 149 0. 0. 0.222656 0.080811 -0.023682 1.990479 0. 0. 0. 0.043457 0.016846 -0.581055 -0.003906 0.422852 -9.554688
18.691 6 FINKEN_SYSTEM_SET_POINT 0.6 0. 0. 0.
18.765 6 FINKEN_SENSOR_MODEL 137 180 193 147 0. 0. 0.222656 0.080566 -0.023193 1.939697 0. 0. 0. -0.005127 0.013672 -0.524414 0.123047 0.427734 -9.549805
18.982 6 RC 0,0,0,0,0,0,0,0,0,0,0,0
19.054 6 LINK_REPORT 6 -1 19 0 15151 272 9 775. 15. 4 -1.44898093699e+12
19.060 6 FINKEN_SENSOR_MODEL 136 187 191 144 0. 0. 0.222656 0.080078 -0.023438 1.805664 0. 0. 0. 0.000977 0.013672 -0.387207 0.080078 0.636719 -9.487305
19.073 6 FINKEN_IR_ADC 0.224571 2571
19.217 6 INS 0 0 -381 0 0 -1823859 -207 -143 -3964
19.291 6 FINKEN_SENSOR_MODEL 136 186 191 144 0. 0. 0.222656 0.080566 -0.022949 1.743896 0. 0. 0. 0.009521 0.010498 -0.488281 0.398438 0.323242 -9.549805
19.360 6 ROTORCRAFT_FP 0 0 393 0 0 1851692 -91 330 7015 0 0 0 0 0 0
19.398 6 INS_REF 463580755 10300661 436507982 434622299 12728900 236843 185000 101809.
19.775 6 ALIVE 51,12,6,153,130,67,51,149,187,61,126,71,158,170,127,210
19.951 6 FINKEN_SENSOR_MODEL 136 186 191 143 0. 0. 0.222656 0.079102 -0.021973 1.697998 0. 0. 0. -0.038086 0.010498 -0.027588 0.53125 -0.018555 -9.760742
19.981 6 RC 0,0,0,0,0,0,0,0,0,0,0,0
20.054 6 LINK_REPORT 6 -1 20 0 15583 281 13 432. 9. 4 -1.44898093699e+12
20.057 6 FINKEN_SENSOR_MODEL 136 186 191 143 0. 0. 0.222656 0.078613 -0.022705 1.702148 0. 0. 0. 0.028564 0.011475 -0.025391 0.383789 0.232422 -9.731445
20.744 6 FINKEN_SENSOR_MODEL 136 186 191 144 0. 0. 0.222656 0.078857 -0.026123 1.732422 0. 0. 0. -0.007324 -0.142578 -0.024414 -0.108398 2.100586 -10.655273
20.843 6 FINKEN_SENSOR_MODEL 136 186 191 144 0. 0. 0.222656 0.079346 -0.021484 1.736816 0. 0. 0. -0.052002 0.025391 -0.005127 0.033203 -0.323242 -9.109375
20.957 6 FINKEN_SENSOR_MODEL 136 186 191 143 0. 0. 0.222656 0.079102 -0.022705 1.740479 0. 0. 0. -0.019043 -0.008301 -0.006348 0.270508 0.265625 -9.535156
20.975 6 RC 0,0,0,0,0,0,0,0,0,0,0,0
21.051 6 FINKEN_SENSOR_MODEL 136 186 191 143 0. 0. 0.222656 0.080322 -0.022217 1.744141 0. 0. 0. -0.013672 0.014893 -0.02124 0.740234 0.013672 -9.665039
21.054 6 LINK_REPORT 6 -1 21 0 15984 287 18 401. 6. 5 -1.44898094199e+12
21.062 6 FINKEN_IR_ADC 0.224381 2572
21.140 6 FINKEN_SENSOR_MODEL 136 186 191 143 0. 0. 0.222656 0.079102 -0.022705 1.748047 0. 0. 0. 0.007324 0.007324 -0.031738 0.132812 0.179688 -9.655273
21.163 6 ROTORCRAFT_NAV_STATUS 31 31 120. 0. 1 2 3
21.384 6 FINKEN_SENSOR_MODEL 136 186 191 143 0. 0. 0.222656 0.079834 -0.022705 1.756104 0. 0. 0. -0.005127 0.006348 -0.032959 0.398438 0.194336 -9.731445
21.464 6 FINKEN_SENSOR_MODEL 136 186 191 143 0. 0. 0.222656 0.079346 -0.022461 1.760254 0. 0. 0. -0.026367 0.011475 -0.031738 0.293945 0.151367 -9.630859
21.475 6 DL_VALUE 14 0.5
21.552 6 FINKEN_SENSOR_MODEL 136 186 191 143 0. 0. 0.222656 0.079834 -0.022461 1.76416 0. 0. 0. -0.006348 0.018066 -0.024414 0.526367 0.161133 -9.693359
21.576 6 FINKEN_ACTUATORS_MODEL 0. 0. 0. 0.371933
21.649 6 FINKEN_SENSOR_MODEL 136 186 191 143 0. 0. 0.222656 0.079834 -0.022461 1.768066 0. 0. 0. -0.012695 0.011475 -0.032959 0.336914 0.213867 -9.688477
21.673 6 FINKEN_SYSTEM_SET_POINT 0.6 0. 0. 0.
21.749 6 FINKEN_SENSOR_MODEL 136 186 191 143 0. 0. 0.222656 0.079834 -0.022461 1.771729 0. 0. 0. -0.022217 0.019043 -0.030762 0.455078 0.18457 -9.708008
21.773 6 ALIVE 51,12,6,153,130,67,51,149,187,61,126,71,158,170,127,210
21.864 6 FINKEN_SENSOR_MODEL 136 186 191 143 0. 0. 0.222656 0.080322 -0.022705 1.775391 0. 0. 0. -0.016846 0.011475 -0.034912 0.688477 0.360352 -9.770508
21.874 6 ROTORCRAFT_STATUS 0 0 2 0 0 0 0 0 0 0 126 42
21.953 6 FINKEN_SENSOR_MODEL 136 186 191 143 0. 0. 0.222656 0.079834 -0.022705 1.779053 0. 0. 0. -0.02002 0.014893 -0.032959 0.421875 0.360352 -9.708008
21.985 6 RC 0,0,0,0,0,0,0,0,0,0,0,0
22.055 6 LINK_REPORT 6 -1 22 0 16741 303 19 757. 16. 5 -1.44898094199e+12
22.061 6 FINKEN_SENSOR_MODEL 136 186 191 143 0. 0. 0.222656 0.079834 -0.022217 1.782959 0. 0. 0. -0.02002 0.018066 -0.031738 0.479492 0.099609 -9.592773
22.074 6 FINKEN_IR_ADC 0.224762 2570
22.153 6 WIND_INFO 6 42 0. 0. 0.
22.154 6 FINKEN_SENSOR_MODEL 137 186 191 143 0. 0. 0.222656 0.079834 -0.022705 1.786377 0. 0. 0. -0.010498 0.015869 -0.036133 0.417969 0.323242 -9.665039
22.320 6 ROTORCRAFT_FP 0 0 458 0 0 1807920 -91 330 7323 0 0 0 0 0 0
22.439 6 FINKEN_SENSOR_MODEL 137 186 191 144 0. 0. 0.222656 0.081055 -0.022217 1.776611 0. 0. 0. 0.008301 0.02124 -0.252197 0.469727 0.189453 -9.731445
22.535 6 FINKEN_SENSOR_MODEL 136 186 191 144 0. 0. 0.222656 0.080566 -0.022217 1.756348 0. 0. 0. 0.012695 0.015869 -0.298828 0.40332 0.094727 -9.774414
22.634 6 FINKEN_SENSOR_MODEL 136 186 191 143 0. 0. 0.222656 0.081055 -0.021973 1.730713 0. 0. 0. -0.006348 0.041504 -0.357422 0.617188 0.179688 -9.660156
22.745 6 FINKEN_SENSOR_MODEL 136 186 191 143 0. 0. 0.222656 0.081299 -0.021973 1.699219 0. 0. 0. -0.00415 0.010498 -0.412842 0.550781 0.137695 -9.789062
22.833 6 FINKEN_SENSOR_MODEL 136 185 191 143 0. 0. 0.222656 0.081055 -0.020996 1.663818 0. 0. 0. 0.029785 0.024414 -0.452148 0.379883 -0.232422 -9.492188
23.042 6 FINKEN_SENSOR_MODEL 136 185 191 143 0. 0. 0.222656 0.081299 -0.02124 1.585938 0. 0. 0. -0.015869 0.026367 -0.504395 0.398438 0.084961 -9.741211
23.055 6 LINK_REPORT 6 -1 23 0 17409 313 21 668. 10. 6 -1.44898094199e+12
23.058 6 FINKEN_IR_ADC 0.224571 2571
23.133 6 FINKEN_SENSOR_MODEL 136 185 191 143 0. 0. 0.222656 0.080811 -0.020996 1.540527 0. 0. 0. 0.030762 -0.008301 -0.537354 0.303711 0.18457 -9.625977
23.156 6 ROTORCRAFT_NAV_STATUS 33 33 120. 0. 1 2 3
23.235 6 FINKEN_SENSOR_MODEL 136 185 191 143 0. 0. 0.222656 0.080811 -0.021484 1.487793 0. 0. 0. -0.016846 0.019043 -0.65332 0.426758 0.517578 -9.678711
23.755 6 ALIVE 51,12,6,153,130,67,51,149,187,61,126,71,158,170,127,210
23.831 6 FINKEN_SENSOR_MODEL 141 182 193 148 0. 0. 0.222656 0.080566 -0.016357 1.037598 0. 0. 0. 0.022217 0.158447 -0.872559 0.854492 0.24707 -10.454102
23.856 6 ROTORCRAFT_STATUS 0 0 2 0 0 0 0 0 0 0 126 44
24.044 6 FINKEN_SENSOR_MODEL 142 165 164 155 0. 0. 0.222656 0.081055 -0.01416 0.894287 0. 0. 0. 0.022217 0.049805 -0.775635 0.583984 0.318359 -10.698242
24.054 6 FINKEN_IR_ADC 0.224762 2570
24.054 6 LINK_REPORT 6 -1 24 0 17796 322 25 387. 9. 6 -1.44898094199e+12
24.199 6 INS 0 0 -327 0 0 -1560193 367 395 -3843
24.276 6 FINKEN_SENSOR_MODEL 155 153 163 165 0. 0. 0.222656 0.081787 -0.012939 0.789307 0. 0. 0. -0.024414 0.077637 -0.651123 0.788086 0.255859 -10.708008
24.345 6 ROTORCRAFT_FP 0 0 340 0 0 1592800 -58 339 2970 0 0 0 0 0 0
24.363 6 WP_MOVED_ENU 0 10529 10974 16640
24.400 6 INS_REF 463580755 10300661 436507982 434622299 12728900 236843 185000 101809.
24.477 6 FINKEN_SENSOR_MODEL 155 141 153 176 0. 0. 0.222656 0.085205 -0.017822 0.646729 0. 0. 0. 0.095703 0.135986 -0.90332 -0.02832 0.094727 -9.84668
24.490 6 DL_VALUE 15 1.169371
24.565 6 FINKEN_SENSOR_MODEL 169 135 150 191 0. 0. 0.222656 0.085449 -0.014893 0.566162 0. 0. 0. 0.074463 -0.009521 -0.911865 0.740234 -0.084961 -9.866211
24.589 6 FINKEN_ACTUATORS_MODEL 0. 0. 0. 0.380878
24.668 6 FINKEN_SENSOR_MODEL 192 135 149 189 0. 0. 0.222656 0.082764 -0.012695 0.49292 0. 0. 0. 0.078613 0.07959 -0.819336 0.336914 0.118164 -10.014648
24.688 6 FINKEN_SYSTEM_SET_POINT 0.6 0. 0. 0.
24.770 6 FINKEN_SENSOR_MODEL 191 134 149 186 0. 0. 0.222656 0.076172 -0.005615 0.437744 0. 0. 0. -0.056396 0.07959 -0.504395 -0.436523 -1.041016 -10.095703
24.845 6 FINKEN_SENSOR_MODEL 191 133 148 186 0. 0. 0.222656 0.082275 -0.011475 0.407959 0. 0. 0. -0.237305 -0.000977 -0.321289 -0.141602 -0.075195 -10.483398
24.928 6 FINKEN_SENSOR_MODEL 191 133 148 186 0. 0. 0.222656 0.085449 -0.016113 0.392334 0. 0. 0. 0.101074 0.060547 -0.25415 0.731445 0.189453 -9.454102
24.959 6 RC 0,0,0,0,0,0,0,0,0,0,0,0
25.040 6 FINKEN_SENSOR_MODEL 191 133 148 186 0. 0. 0.222656 0.087158 -0.020264 0.37793 0. 0. 0. -0.036133 0.022217 -0.244629 0.555664 0.674805 -9.952148
25.050 6 FINKEN_IR_ADC 0.224762 2570
25.055 6 LINK_REPORT 6 -1 25 0 18649 339 26 853. 17. 6 -1.44898094199e+12
25.128 6 FINKEN_SENSOR_MODEL 191 133 148 186 0. 0. 0.222656 0.086914 -0.018555 0.364014 0. 0. 0. 0.026367 -0.045654 -0.213867 0.383789 -0.132812 -9.683594
25.152 6 ROTORCRAFT_NAV_STATUS 35 35 120. 0. 1 2 3
25.227 6 FINKEN_SENSOR_MODEL 191 133 148 186 0. 0. 0.222656 0.085205 -0.016113 0.355957 0. 0. 0. 0.069092 -0.000977 -0.108398 0.640625 0.336914 -9.669922
25.297 6 ROTORCRAFT_FP 0 0 352 0 0 1593895 -56 339 1468 0 0 0 0 0 0
25.373 6 FINKEN_SENSOR_MODEL 191 132 148 186 0. 0. 0.222656 0.08252 -0.013672 0.35791 0. 0. 0. -0.006348 0.037109 -0.02124 0.02832 -0.084961 -9.617188
25.450 6 FINKEN_SENSOR_MODEL 191 132 148 186 0. 0. 0.222656 0.083252 -0.012451 0.365234 0. 0. 0. -0.048828 0.018066 -0.02124 0.849609 -0.151367 -8.889648
25.526 6 FINKEN_SENSOR_MODEL 190 132 148 186 0. 0. 0.222656 0.082275 -0.012939 0.37207 0. 0. 0. 0.005127 0.014893 -0.040283 0.208984 0.517578 -9.665039
25.725 6 FINKEN_SENSOR_MODEL 190 132 149 186 0. 0. 0.222656 0.082275 -0.012695 0.385254 0. 0. 0. -0.032959 0.019043 -0.036133 0.375 0.275391 -9.703125
25.753 6 ALIVE 51,12,6,153,130,67,51,149,187,61,126,71,158,170,127,210
25.833 6 FINKEN_SENSOR_MODEL 190 132 149 185 0. 0. 0.222656 0.08252 -0.012207 0.392578 0. 0. 0. -0.009521 0.024414 0.014893 0.370117 0.34668 -9.665039
25.855 6 ROTORCRAFT_STATUS 0 0 2 0 0 0 0 0 0 0 126 46
25.931 6 FINKEN_SENSOR_MODEL 190 132 149 185 0. 0. 0.222656 0.08252 -0.010986 0.39917 0. 0. 0. -0.036133 0.008301 -0.011475 0.34668 -0.204102 -9.544922
25.965 6 RC 0,0,0,0,0,0,0,0,0,0,0,0
26.042 6 FINKEN_SENSOR_MODEL 191 132 149 185 0. 0. 0.222656 0.083496 -0.012695 0.406006 0. 0. 0. 0.025391 0.049805 -0.000977 0.678711 0.161133 -9.90918
26.054 6 FINKEN_IR_ADC 0.224571 2571
26.055 6 LINK_REPORT 6 -1 26 0 19489 354 27 840. 15. 7 -1.44898094699e+12
26.130 6 FINKEN_SENSOR_MODEL 191 132 149 185 0. 0. 0.222656 0.083008 -0.012695 0.414062 0. 0. 0. 0.010498 0.000977 0.015869 0.227539 0.34668 -9.544922
26.152 6 ROTORCRAFT_NAV_STATUS 36 36 120. 0. 1 2 3
26.232 6 FINKEN_SENSOR_MODEL 191 132 149 185 0. 0. 0.222656 0.082275 -0.010742 0.42334 0. 0. 0. -0.019043 0.014893 -0.038086 0.355469 -0.356445 -10.214844
26.298 6 ROTORCRAFT_FP 0 0 337 0 0 1500244 -46 341 1767 0 0 0 0 0 0
26.377 6 FINKEN_SENSOR_MODEL 190 132 149 185 0. 0. 0.222656 0.083008 -0.011719 0.430908 0. 0. 0. 0.00415 0.015869 -0.037109 0.693359 -0.018555 -9.884766
26.452 6 FINKEN_SENSOR_MODEL 190 132 149 185 0. 0. 0.222656 0.083008 -0.012695 0.436768 0. 0. 0. -0.037109 0.003174 -0.036133 0.493164 0.384766 -9.673828
26.528 6 FINKEN_SENSOR_MODEL 190 132 149 185 0. 0. 0.222656 0.082031 -0.012207 0.442627 0. 0. 0. -0.001953 0.014893 -0.031738 0.40332 -0.166016 -9.688477
26.623 6 FINKEN_SENSOR_MODEL 190 132 149 185 0. 0. 0.222656 0.08252 -0.012695 0.449219 0. 0. 0. -0.025391 0.016846 -0.022217 0.493164 0.251953 -9.683594
26.719 6 FINKEN_SENSOR_MODEL 190 132 149 186 0. 0. 0.222656 0.083008 -0.012207 0.455322 0. 0. 0. 0.012695 0.032959 -0.02124 0.602539 -0.075195 -9.750977
26.821 6 FINKEN_SENSOR_MODEL 190 132 149 186 0. 0. 0.222656 0.082764 -0.012451 0.461914 0. 0. 0. -0.034912 -0.007324 -0.034912 0.426758 0.460938 -9.708008
26.921 6 FINKEN_SENSOR_MODEL 190 132 149 186 0. 0. 0.222656 0.082275 -0.011719 0.468018 0. 0. 0. -0.014893 0.007324 -0.034912 0.408203 0.084961 -9.592773
26.964 6 RC 0,0,0,0,0,0,0,0,0,0,0,0
27.039 6 FINKEN_SENSOR_MODEL 190 132 148 186 0. 0. 0.222656 0.08252 -0.01123 0.474121 0. 0. 0. -0.025391 0.014893 -0.032959 0.336914 -0.099609 -9.760742
27.051 6 FINKEN_IR_ADC 0.224571 2571
27.056 6 LINK_REPORT 6 -1 27 0 20357 368 27 868. 14. 7 -1.44898094699e+12
27.128 6 FINKEN_SENSOR_MODEL 190 132 148 186 0. 0. 0.222656 0.08252 -0.011963 0.480469 0. 0. 0. 0.001953 0.011475 -0.031738 0.474609 0.166016 -9.84668
27.153 6 ROTORCRAFT_NAV_STATUS 37 37 120. 0. 1 2 3
27.227 6 FINKEN_SENSOR_MODEL 190 132 148 186 0. 0. 0.222656 0.081787 -0.010986 0.486572 0. 0. 0. 0.014893 0.030762 -0.044678 -0.023438 -0.275391 -9.851562
27.296 6 ROTORCRAFT_FP 0 0 364 0 0 1560658 -54 341 2022 0 0 0 0 0 0
27.375 6 FINKEN_SENSOR_MODEL 190 132 149 185 0. 0. 0.222656 0.083008 -0.012939 0.493164 0. 0. 0. -0.075439 0.031738 -0.016846 0.607422 0.608398 -9.980469
27.451 6 FINKEN_SENSOR_MODEL 190 132 149 185 0. 0. 0.222656 0.082275 -0.010742 0.498779 0. 0. 0. -0.015869 -0.009521 -0.010498 0.426758 -0.341797 -9.526367
27.458 6 DL_VALUE 16 0.85
27.540 6 FINKEN_SENSOR_MODEL 190 132 149 185 0. 0. 0.222656 0.081299 -0.012207 0.504639 0. 0. 0. 0.015869 0.027588 -0.02124 0.194336 0.365234 -9.808594
27.560 6 FINKEN_ACTUATORS_MODEL 0. 0. 0. 0.389923
27.637 6 FINKEN_SENSOR_MODEL 190 132 149 185 0. 0. 0.222656 0.082764 -0.011963 0.510742 0. 0. 0. 0.012695 0.02124 -0.029785 0.711914 -0.018555 -9.678711
27.660 6 FINKEN_SYSTEM_SET_POINT 0.6 0. 0. 0.
27.738 6 FINKEN_SENSOR_MODEL 190 132 149 185 0. 0. 0.222656 0.082031 -0.012939 0.516846 0. 0. 0. -0.044678 0.014893 -0.029785 0.341797 0.541016 -9.708008
27.762 6 ALIVE 51,12,6,153,130,67,51,149,187,61,126,71,158,170,127,210
27.838 6 FINKEN_SENSOR_MODEL 190 132 149 185 0. 0. 0.222656 0.081299 -0.011963 0.522705 0. 0. 0. -0.037109 0.014893 -0.043457 0.459961 -0.161133 -9.645508
27.862 6 ROTORCRAFT_STATUS 0 0 2 0 0 0 0 0 0 0 126 48
27.942 6 FINKEN_SENSOR_MODEL 190 132 149 185 0. 0. 0.222656 0.081543 -0.012939 0.527344 0. 0. 0. -0.02124 0.011475 -0.061523 0.50293 0.066406 -9.750977
27.972 6 RC 0,0,0,0,0,0,0,0,0,0,0,0
28.048 6 FINKEN_SENSOR_MODEL 190 132 149 185 0. 0. 0.222656 0.080811 -0.014648 0.5271 0. 0. 0. -0.032959 0.003174 -0.128662 0.493164 0.170898 -9.975586
28.056 6 LINK_REPORT 6 -1 28 0 21314 386 27 957. 18. 7 -1.44898094699e+12
28.062 6 FINKEN_IR_ADC 0.224762 2570
28.136 6 FINKEN_SENSOR_MODEL 190 132 149 186 0. 0. 0.222656 0.080078 -0.016846 0.520996 0. 0. 0. -0.049805 0.022217 -0.212646 -0.141602 0.170898 -9.836914
28.160 6 ROTORCRAFT_NAV_STATUS 38 38 120. 0. 1 2 3
28.235 6 FINKEN_SENSOR_MODEL 190 132 148 186 0. 0. 0.222656 0.084717 -0.020264 0.500488 0. 0. 0. -0.02124 0.070068 -0.389404 1.600586 0.313477 -8.922852
28.305 6 ROTORCRAFT_FP 0 0 379 0 0 1553423 -83 340 1896 0 0 0 0 0 0
28.411 6 FINKEN_SENSOR_MODEL 190 133 148 186 0. 0. 0.222656 0.08374 -0.02002 0.421875 0. 0. 0. 0.022217 0.052979 -0.645752 0.882812 0.323242 -9.521484
28.514 6 FINKEN_SENSOR_MODEL 190 133 148 186 0. 0. 0.222656 0.08374 -0.020508 0.363525 0. 0. 0. -0.005127 0.065918 -0.671387 0.246094 0.507812 -9.693359
28.613 6 FINKEN_SENSOR_MODEL 190 133 147 186 0. 0. 0.222656 0.08374 -0.020264 0.303955 0. 0. 0. 0.031738 0.038086 -0.694824 0.232422 0.379883 -10.454102
28.713 6 FINKEN_SENSOR_MODEL 190 133 147 186 0. 0. 0.222656 0.084229 -0.018555 0.236328 0. 0. 0. -0.009521 -0.070068 -0.835205 0.536133 -0.061523 -9.34375
28.811 6 FINKEN_SENSOR_MODEL 190 134 147 186 0. 0. 0.222656 0.084473 -0.019775 0.158691 0. 0. 0. 0.157471 0.027588 -0.870361 0.801758 0.394531 -9.487305
28.911 6 FINKEN_SENSOR_MODEL 190 134 148 186 0. 0. 0.222656 0.084229 -0.01709 0.073242 0. 0. 0. -0.039307 0.095703 -0.870361 0.15625 0.237305 -9.750977
28.963 6 RC 0,0,0,0,0,0,0,0,0,0,0,0
29.038 6 FINKEN_SENSOR_MODEL 190 134 148 187 0. 0. 0.222656 0.084961 -0.017578 -0.01709 0. 0. 0. -0.014893 0.060547 -1.017334 0.270508 -0.293945 -9.957031
29.054 6 FINKEN_IR_ADC 0.224 2574
29.056 6 LINK_REPORT 6 -1 29 0 22120 400 27 806. 14. 7 -1.44898094699e+12
29.128 6 FINKEN_SENSOR_MODEL 190 134 149 181 0. 0. 0.222656 0.085693 -0.018311 -0.116699 0. 0. 0. -0.110596 -0.029785 -0.992676 0.355469 0.351562 -9.458984
29.151 6 ROTORCRAFT_NAV_STATUS 39 39 120. 0. 1 2 3
29.195 6 INS 0 0 -332 0 0 -1398055 -761 441 -2718
29.294 6 ROTORCRAFT_FP 0 0 338 0 0 1413762 -74 362 -1337 0 0 0 0 0 0
29.313 6 WP_MOVED_ENU 1 -637 30720 16640
29.369 6 INS_REF 463580755 10300661 436507982 434622299 12728900 236843 185000 101809.
29.450 6 FINKEN_SENSOR_MODEL 181 136 154 171 0. 0. 0.222656 0.089355 -0.019287 -0.383789 0. 0. 0. -0.063721 0.032959 -0.644775 0.417969 0.503906 -9.386719
29.526 6 FINKEN_SENSOR_MODEL 168 137 158 161 0. 0. 0.222656 0.089111 -0.018799 -0.433105 0. 0. 0. -0.039307 0.044678 -0.32666 -0.008789 0.051758 -9.473633
29.611 6 FINKEN_SENSOR_MODEL 162 140 164 147 0. 0. 0.222656 0.091553 -0.020752 -0.44751 0. 0. 0. -0.064697 0.014893 0.023193 1.101562 0.902344 -9.214844
29.707 6 FINKEN_SENSOR_MODEL 154 148 167 146 0. 0. 0.222656 0.090576 -0.018555 -0.452881 0. 0. 0. 0.05957 -0.018066 -0.00415 0.555664 -0.132812 -9.78418
29.753 6 ALIVE 51,12,6,153,130,67,51,149,187,61,126,71,158,170,127,210
30.040 6 FINKEN_SENSOR_MODEL 153 150 167 146 0. 0. 0.222656 0.089355 -0.019043 -0.470459 0. 0. 0. -0.034912 -0.013672 -0.039307 0.080078 -0.041992 -9.798828
30.055 6 FINKEN_IR_ADC 0.224381 2572
30.057 6 LINK_REPORT 6 -1 30 0 22783 413 29 663. 13. 7 -1.44898094699e+12
30.134 6 FINKEN_SENSOR_MODEL 154 150 167 146 0. 0. 0.222656 0.088135 -0.019287 -0.483643 0. 0. 0. 0.02002 0.008301 -0.175537 0.62207 0.041992 -9.62207
30.152 6 ROTORCRAFT_NAV_STATUS 40 40 120. 0. 1 2 3
30.232 6 FINKEN_SENSOR_MODEL 153 150 167 146 0. 0. 0.222656 0.087646 -0.019287 -0.517334 0. 0. 0. 0.001953 0.016846 -0.396729 0.522461 0.251953 -9.712891
30.296 6 ROTORCRAFT_FP 0 0 331 0 0 1374750 -81 358 -2391 0 0 0 0 0 0
30.403 6 FINKEN_SENSOR_MODEL 151 151 167 136 0. 0. 0.222656 0.08667 -0.019287 -0.634277 0. 0. 0. 0.015869 -0.008301 -0.642578 0.655273 0.303711 -9.851562
30.505 6 FINKEN_SENSOR_MODEL 151 153 173 134 0. 0. 0.222656 0.085693 -0.018799 -0.70752 0. 0. 0. 0. 0.036133 -0.72876 0.564453 -0.242188 -9.62207
30.517 6 DL_VALUE 17 50.
30.707 6 FINKEN_SENSOR_MODEL 149 182 198 134 0. 0. 0.222656 0.086426 -0.020752 -0.881348 0. 0. 0. -0.025391 0.095703 -0.86499 0.355469 0.222656 -10.02832
30.727 6 FINKEN_SYSTEM_SET_POINT 0.6 0. 0. 0.
30.805 6 FINKEN_SENSOR_MODEL 148 188 192 134 0. 0. 0.222656 0.085938 -0.020752 -0.970215 0. 0. 0. -0.040283 0.006348 -0.792725 0.327148 0.389648 -9.841797
30.901 6 FINKEN_SENSOR_MODEL 148 188 189 133 0. 0. 0.222656 0.086914 -0.020996 -1.047119 0. 0. 0. -0.044678 0.051025 -0.669189 0.583984 0.608398 -9.248047
31.003 6 FINKEN_SENSOR_MODEL 147 188 189 133 0. 0. 0.222656 0.086426 -0.020752 -1.094971 0. 0. 0. 0.038086 0.009521 -0.253174 0.279297 -0.033203 -9.841797
31.039 6 RC 0,0,0,0,0,0,0,0,0,0,0,0
31.057 6 LINK_REPORT 6 -1 31 0 23524 426 30 741. 13. 8 -1.44898095199e+12
31.112 6 FINKEN_SENSOR_MODEL 147 188 189 132 0. 0. 0.222656 0.086426 -0.020508 -1.116699 0. 0. 0. -0.043457 0.010498 -0.159424 0.484375 0.051758 -9.569336
31.125 6 FINKEN_IR_ADC 0.224952 2569
31.203 6 FINKEN_SENSOR_MODEL 147 187 189 132 0. 0. 0.222656 0.086182 -0.021729 -1.140137 0. 0. 0. 0.030762 0.013672 -0.199951 0.370117 0.460938 -9.765625
31.223 6 ROTORCRAFT_NAV_STATUS 41 41 120. 0. 1 2 3
31.302 6 FINKEN_SENSOR_MODEL 147 187 189 132 0. 0. 0.222656 0.085938 -0.02124 -1.156982 0. 0. 0. -0.008301 0.003174 -0.083008 0.327148 0.189453 -9.731445
31.400 6 FINKEN_SENSOR_MODEL 147 187 189 132 0. 0. 0.222656 0.086914 -0.020996 -1.164062 0. 0. 0. -0.02124 0.031738 -0.015869 0.678711 0.023438 -9.597656
31.499 6 FINKEN_SENSOR_MODEL 147 187 189 132 0. 0. 0.222656 0.086914 -0.021729 -1.169678 0. 0. 0. -0.018066 0.007324 -0.02002 0.413086 0.341797 -9.683594
31.699 6 FINKEN_SENSOR_MODEL 147 187 189 132 0. 0. 0.222656 0.088135 -0.021729 -1.18042 0. 0. 0. 0.023193 0.037109 -0.038086 0.237305 0.161133 -9.583008
31.801 6 FINKEN_SENSOR_MODEL 147 187 189 132 0. 0. 0.222656 0.090332 -0.02124 -1.184326 0. 0. 0. 0.015869 0.024414 0.040283 0.707031 -0.132812 -9.779297
31.823 6 ALIVE 51,12,6,153,130,67,51,149,187,61,126,71,158,170,127,210
31.901 6 FINKEN_SENSOR_MODEL 147 187 189 132 0. 0. 0.222656 0.091309 -0.022949 -1.187744 0. 0. 0. 0.023193 0.008301 -0.025391 0.754883 0.560547 -9.803711
31.922 6 ROTORCRAFT_STATUS 0 0 2 0 0 0 0 0 0 0 126 52
32.001 6 FINKEN_SENSOR_MODEL 147 187 189 132 0. 0. 0.222656 0.09082 -0.021484 -1.193604 0. 0. 0. -0.056396 0.000977 -0.030762 0.569336 -0.104492 -9.612305
32.032 6 RC 0,0,0,0,0,0,0,0,0,0,0,0
32.057 6 LINK_REPORT 6 -1 32 0 24300 440 31 776. 14. 8 -1.44898095199e+12
32.110 6 FINKEN_SENSOR_MODEL 147 188 189 132 0. 0. 0.222656 0.090576 -0.022461 -1.199219 0. 0. 0. 0.003174 0.026367 -0.031738 0.379883 0.379883 -9.650391
32.122 6 FINKEN_IR_ADC 0.224381 2572
32.153 6 WIND_INFO 6 42 0. 0. 0.
32.300 6 FINKEN_SENSOR_MODEL 147 188 189 132 0. 0. 0.222656 0.091309 -0.021973 -1.210693 0. 0. 0. 0.019043 0.006348 -0.028564 0.745117 0.255859 -9.736328
32.397 6 FINKEN_SENSOR_MODEL 147 187 189 132 0. 0. 0.222656 0.0896 -0.020508 -1.216553 0. 0. 0. -0.00415 0.000977 -0.016846 0.151367 -0.132812 -9.673828
32.499 6 FINKEN_SENSOR_MODEL 147 187 189 132 0. 0. 0.222656 0.091309 -0.020996 -1.223145 0. 0. 0. -0.00415 -0.054199 0. 1.063477 0.199219 -9.789062
32.595 6 FINKEN_SENSOR_MODEL 147 187 189 132 0. 0. 0.222656 0.091309 -0.021484 -1.227539 0. 0. 0. 0. 0.015869 -0.045654 1.058594 0.360352 -9.818359
32.696 6 FINKEN_SENSOR_MODEL 147 187 189 132 0. 0. 0.222656 0.089844 -0.020996 -1.233643 0. 0. 0. -0.033936 0.013672 -0.030762 0.250977 0.094727 -9.660156
32.794 6 FINKEN_SENSOR_MODEL 147 187 189 132 0. 0. 0.222656 0.090576 -0.021484 -1.239502 0. 0. 0. -0.011475 0.016846 -0.029785 0.773438 0.318359 -9.511719
32.895 6 FINKEN_SENSOR_MODEL 147 188 189 132 0. 0. 0.222656 0.0896 -0.020508 -1.245361 0. 0. 0. -0.023193 -0.003174 -0.024414 0.212891 -0.080078 -9.640625
32.995 6 FINKEN_SENSOR_MODEL 147 188 189 132 0. 0. 0.222656 0.090332 -0.02124 -1.250977 0. 0. 0. -0.009521 0.037109 -0.025391 0.668945 0.280273 -9.755859
33.057 6 LINK_REPORT 6 -1 33 0 24978 450 32 678. 10. 9 -1.44898095199e+12
33.105 6 FINKEN_SENSOR_MODEL 147 188 189 132 0. 0. 0.222656 0.090088 -0.020752 -1.256836 0. 0. 0. -0.018066 -0.007324 -0.025391 0.522461 0.075195 -9.698242
33.116 6 FINKEN_IR_ADC 0.224381 2572
33.218 6 ROTORCRAFT_NAV_STATUS 43 43 120. 0. 1 2 3
33.294 6 FINKEN_SENSOR_MODEL 147 188 189 132 0. 0. 0.222656 0.090088 -0.020752 -1.268555 0. 0. 0. -0.013672 0.011475 -0.027588 0.640625 0.175781 -9.683594
33.362 6 ROTORCRAFT_FP 0 0 294 0 0 1333293 -87 369 -5205 0 0 0 0 0 0
33.439 6 FINKEN_SENSOR_MODEL 147 187 189 132 0. 0. 0.222656 0.0896 -0.020752 -1.273926 0. 0. 0. -0.033936 0.02124 -0.028564 0.250977 0.080078 -9.635742
33.513 6 FINKEN_SENSOR_MODEL 147 187 189 132 0. 0. 0.222656 0.090088 -0.020996 -1.279785 0. 0. 0. -0.008301 0. -0.028564 0.626953 0.237305 -9.678711
33.526 6 DL_VALUE 18 100.
33.603 6 FINKEN_SENSOR_MODEL 147 187 189 132 0. 0. 0.222656 0.089355 -0.020752 -1.2854 0. 0. 0. -0.014893 0.015869 -0.029785 0.393555 0.189453 -9.673828
33.628 6 FINKEN_ACTUATORS_MODEL 0. 0. 0. 0.407813
33.703 6 FINKEN_SENSOR_MODEL 147 187 189 132 0. 0. 0.222656 0.089844 -0.020752 -1.29126 0. 0. 0. -0.015869 0.022217 -0.029785 0.498047 0.151367 -9.574219
33.728 6 FINKEN_SYSTEM_SET_POINT 0.6 0. 0. 0.
33.804 6 FINKEN_SENSOR_MODEL 147 187 189 132 0. 0. 0.222656 0.09082 -0.021484 -1.296631 0. 0. 0. -0.026367 0.013672 -0.030762 0.759766 0.332031 -9.703125
33.829 6 ALIVE 51,12,6,153,130,67,51,149,187,61,126,71,158,170,127,210
33.903 6 FINKEN_SENSOR_MODEL 147 187 180 132 0. 0. 0.222656 0.089111 -0.020264 -1.30249 0. 0. 0. -0.011475 0.005127 -0.030762 0.28418 -0.061523 -9.635742
33.928 6 ROTORCRAFT_STATUS 0 0 2 0 0 0 0 0 0 0 126 54
34.039 6 RC 0,0,0,0,0,0,0,0,0,0,0,0
34.058 6 LINK_REPORT 6 -1 34 0 25799 467 35 821. 17. 9 -1.44898095199e+12
34.112 6 FINKEN_SENSOR_MODEL 147 188 183 132 0. 0. 0.222656 0.090088 -0.020996 -1.314209 0. 0. 0. -0.043457 0.012695 -0.029785 0.716797 0.289062 -9.693359
34.125 6 FINKEN_IR_ADC 0.224571 2571
34.139 6 UART_ERRORS 0 0 0 3
34.218 6 FINKEN_SENSOR_MODEL 147 188 190 132 0. 0. 0.222656 0.088867 -0.020508 -1.320801 0. 0. 0. -0.019043 0.001953 -0.055176 0.308594 0.080078 -9.501953
34.239 6 ROTORCRAFT_NAV_STATUS 44 44 120. 0. 1 2 3
34.316 6 FINKEN_SENSOR_MODEL 147 188 189 132 0. 0. 0.222656 0.088623 -0.020752 -1.328125 0. 0. 0. -0.036133 0.02124 -0.051025 0.588867 0.217773 -9.717773
34.334 6 WP_MOVED_ENU 0 10529 10974 16640
34.454 6 INS_REF 463580755 10300661 436507982 434622299 12728900 236843 185000 101809.
34.532 6 FINKEN_SENSOR_MODEL 147 187 189 132 0. 0. 0.222656 0.087891 -0.020752 -1.349609 0. 0. 0. 0. 0.016846 -0.146729 0.459961 0.308594 -9.544922
34.607 6 FINKEN_SENSOR_MODEL 147 187 189 132 0. 0. 0.222656 0.087891 -0.020752 -1.373291 0. 0. 0. 0.009521 0.02002 -0.229736 0.550781 0.142578 -9.574219
34.688 6 FINKEN_SENSOR_MODEL 147 187 189 132 0. 0. 0.222656 0.087891 -0.020508 -1.406494 0. 0. 0. -0.009521 0.006348 -0.373535 0.417969 0.142578 -9.62207
34.788 6 FINKEN_SENSOR_MODEL 147 187 190 132 0. 0. 0.222656 0.087402 -0.020752 -1.449219 0. 0. 0. -0.02124 0.036133 -0.448975 0.370117 0.427734 -9.655273
34.889 6 FINKEN_SENSOR_MODEL 147 187 190 132 0. 0. 0.222656 0.087646 -0.019287 -1.500732 0. 0. 0. 0.003174 0. -0.586182 0.526367 -0.056641 -9.62207
34.987 6 FINKEN_SENSOR_MODEL 147 187 189 132 0. 0. 0.222656 0.087891 -0.020752 -1.567139 0. 0. 0. -0.051025 0.041504 -0.715088 0.673828 0.446289 -9.425781
35.019 6 RC 0,0,0,0,0,0,0,0,0,0,0,0
35.058 6 LINK_REPORT 6 -1 35 0 26599 482 36 800. 15. 9 -1.44898095199e+12
35.098 6 FINKEN_SENSOR_MODEL 147 187 189 132 0. 0. 0.222656 0.087402 -0.019531 -1.644043 0. 0. 0. 0.025391 -0.010498 -0.735352 0.341797 0.222656 -9.884766
35.111 6 FINKEN_IR_ADC 0.224762 2570
35.186 6 FINKEN_SENSOR_MODEL 147 187 189 132 0. 0. 0.222656 0.087891 -0.02002 -1.726318 0. 0. 0. 0.047852 0.016846 -0.775635 0.745117 0.446289 -9.320312
35.214 6 ROTORCRAFT_NAV_STATUS 45 45 120. 0. 1 2 3
35.285 6 FINKEN_SENSOR_MODEL 147 187 189 133 0. 0. 0.222656 0.087158 -0.020264 -1.808105 0. 0. 0. 0.067871 0.048828 -0.800049 0.250977 0.275391 -9.957031
35.352 6 ROTORCRAFT_FP 0 0 306 0 0 1296434 -85 358 -7551 0 0 0 0 0 0
35.429 6 FINKEN_SENSOR_MODEL 148 187 190 134 0. 0. 0.222656 0.087646 -0.02002 -1.891357 0. 0. 0. -0.015869 0.025391 -0.871582 0.204102 -0.02832 -9.463867
35.506 6 FINKEN_SENSOR_MODEL 148 187 190 135 0. 0. 0.222656 0.088623 -0.020508 -1.980225 0. 0. 0. 0.07959 0.034912 -0.875732 0.773438 0.008789 -9.625977
35.782 6 FINKEN_SENSOR_MODEL 153 195 170 136 0. 0. 0.222656 0.08667 -0.022705 -2.251221 0. 0. 0. -0.072266 0.073242 -0.848145 0.051758 -0.051758 -9.640625
35.910 6 ROTORCRAFT_STATUS 0 0 2 0 0 0 0 0 0 0 126 56
36.059 6 LINK_REPORT 6 -1 36 0 27163 492 38 564. 10. 10 -1.448980957e+12
36.094 6 FINKEN_SENSOR_MODEL 162 160 153 154 0. 0. 0.222656 0.086182 -0.025146 -2.396729 0. 0. 0. -0.046631 0.031738 0.000977 0.170898 0.527344 -9.861328
36.111 6 FINKEN_IR_ADC 0.224381 2572
36.184 6 FINKEN_SENSOR_MODEL 166 152 151 159 0. 0. 0.222656 0.087402 -0.023682 -2.396484 0. 0. 0. -0.016846 0.030762 -0.025391 0.864258 -0.208984 -9.583008
36.206 6 ROTORCRAFT_NAV_STATUS 46 46 120. 0. 1 2 3
36.286 6 FINKEN_SENSOR_MODEL 166 152 148 163 0. 0. 0.222656 0.087402 -0.024902 -2.398926 0. 0. 0. 0.071289 -0.012695 0.036133 0.564453 0.208984 -9.650391
36.350 6 ROTORCRAFT_FP 0 0 308 0 0 1246934 -102 356 -9832 0 0 0 0 0 0
36.430 6 FINKEN_SENSOR_MODEL 166 152 148 157 0. 0. 0.222656 0.08667 -0.024658 -2.401855 0. 0. 0. -0.011475 0.012695 0.014893 0.360352 0.370117 -9.841797
36.517 6 DL_VALUE 19 20.
36.593 6 FINKEN_SENSOR_MODEL 166 152 148 154 0. 0. 0.222656 0.087158 -0.024658 -2.407227 0. 0. 0. -0.022217 -0.015869 -0.000977 0.204102 0.270508 -9.851562
36.617 6 FINKEN_ACTUATORS_MODEL 0. 0. 0. 0.416858
36.693 6 FINKEN_SENSOR_MODEL 166 152 148 154 0. 0. 0.222656 0.087158 -0.023682 -2.409668 0. 0. 0. -0.029785 0.022217 -0.074463 0.383789 -0.033203 -9.899414
36.717 6 FINKEN_SYSTEM_SET_POINT 0.6 0. 0. 0.
36.881 6 FINKEN_SENSOR_MODEL 166 152 148 153 0. 0. 0.222656 0.087158 -0.023682 -2.432861 0. 0. 0. 0.013672 0.008301 -0.250977 0.507812 0.327148 -9.617188
36.979 6 FINKEN_SENSOR_MODEL 166 152 144 153 0. 0. 0.222656 0.086182 -0.022705 -2.467529 0. 0. 0. 0.022217 0.014893 -0.44043 0.204102 0.02832 -10.0625
37.060 6 LINK_REPORT 6 -1 37 0 27907 506 41 744. 14. 10 -1.448980957e+12
37.178 6 FINKEN_SENSOR_MODEL 166 151 138 154 0. 0. 0.222656 0.084961 -0.023438 -2.600098 0. 0. 0. 0.010498 0.023193 -0.884277 0.350586 0.417969 -9.822266
37.201 6 ROTORCRAFT_NAV_STATUS 47 47 120. 0. 1 2 3
37.280 6 FINKEN_SENSOR_MODEL 168 149 136 161 0. 0. 0.222656 0.083496 -0.023193 -2.696533 0. 0. 0. -0.009521 0.069092 -1.0354 -0.179688 0.285156 -9.34375
37.346 6 ROTORCRAFT_FP 0 0 324 0 0 1241165 -89 342 -11263 0 0 0 0 0 0
37.422 6 FINKEN_SENSOR_MODEL 173 147 135 182 0. 0. 0.222656 0.083252 -0.022461 -2.802002 0. 0. 0. 0.182861 0.112793 -1.033203 -0.061523 0.041992 -10.425781
37.500 6 FINKEN_SENSOR_MODEL 185 146 135 188 0. 0. 0.222656 0.083252 -0.023193 -2.899414 0. 0. 0. -0.015869 -0.000977 -0.947998 0.574219 -0.108398 -9.574219
37.578 6 FINKEN_SENSOR_MODEL 189 146 134 187 0. 0. 0.222656 0.082764 -0.023926 -2.970459 0. 0. 0. -0.008301 0.051025 -0.49585 0.18457 -0.066406 -9.942383
37.677 6 FINKEN_SENSOR_MODEL 188 145 134 187 0. 0. 0.222656 0.082764 -0.023682 -2.991455 0. 0. 0. 0.019043 0.030762 0.026367 0.199219 0.260742 -9.917969
37.777 6 FINKEN_SENSOR_MODEL 188 145 134 187 0. 0. 0.222656 0.082764 -0.023438 -2.991455 0. 0. 0. -0.008301 0.026367 -0.030762 0.388672 0.213867 -9.602539
37.800 6 ALIVE 51,12,6,153,130,67,51,149,187,61,126,71,158,170,127,210
37.879 6 FINKEN_SENSOR_MODEL 188 145 134 187 0. 0. 0.222656 0.083496 -0.023682 -2.99292 0. 0. 0. -0.027588 0.012695 -0.024414 0.678711 0.293945 -9.669922
37.901 6 ROTORCRAFT_STATUS 0 0 2 0 0 0 0 0 0 0 126 58
37.981 6 FINKEN_SENSOR_MODEL 188 145 134 187 0. 0. 0.222656 0.083008 -0.023682 -2.993652 0. 0. 0. -0.02002 0.006348 -0.026367 0.388672 0.298828 -9.708008
38.008 6 RC 0,0,0,0,0,0,0,0,0,0,0,0
38.060 6 LINK_REPORT 6 -1 38 0 28735 520 43 828. 14. 10 -1.448980957e+12
38.090 6 FINKEN_SENSOR_MODEL 188 145 134 187 0. 0. 0.222656 0.082764 -0.023438 -2.995117 0. 0. 0. -0.007324 0.018066 -0.027588 0.398438 0.146484 -9.731445
38.099 6 FINKEN_IR_ADC 0.224762 2570
38.177 6 FINKEN_SENSOR_MODEL 188 145 134 187 0. 0. 0.222656 0.083496 -0.023682 -2.99707 0. 0. 0. -0.015869 0.010498 -0.039307 0.607422 0.217773 -9.808594
38.200 6 ROTORCRAFT_NAV_STATUS 48 48 120. 0. 1 2 3
38.343 6 ROTORCRAFT_FP 0 0 320 0 0 1249005 -92 340 -12329 0 0 0 0 0 0
38.420 6 FINKEN_SENSOR_MODEL 187 145 134 187 0. 0. 0.222656 0.083252 -0.023682 -3.016113 0. 0. 0. 0.009521 0.022217 -0.17749 0.484375 0.422852 -9.765625
38.497 6 FINKEN_SENSOR_MODEL 187 145 134 187 0. 0. 0.222656 0.083496 -0.022949 -3.036133 0. 0. 0. -0.001953 0.02002 -0.244629 0.431641 0.213867 -9.712891
38.773 6 FINKEN_SENSOR_MODEL 187 145 134 188 0. 0. 0.222656 0.084229 -0.022705 -3.064453 0. 0. 0. -0.030762 0.019043 -0.041504 0.512695 -0.013672 -9.746094
38.875 6 FINKEN_SENSOR_MODEL 187 145 135 187 0. 0. 0.222656 0.084229 -0.023682 -3.065674 0. 0. 0. 0.001953 -0.000977 -0.036133 0.431641 0.285156 -9.592773
38.970 6 FINKEN_SENSOR_MODEL 187 145 135 187 0. 0. 0.222656 0.083496 -0.022949 -3.06665 0. 0. 0. -0.014893 0.009521 -0.029785 0.289062 0.023438 -9.640625
39.001 6 RC 0,0,0,0,0,0,0,0,0,0,0,0
39.061 6 LINK_REPORT 6 -1 39 0 29381 531 46 646. 11. 10 -1.448980957e+12
39.082 6 FINKEN_SENSOR_MODEL 187 145 135 187 0. 0. 0.222656 0.083984 -0.023438 -3.067871 0. 0. 0. -0.026367 0.015869 -0.030762 0.488281 0.179688 -9.717773
39.092 6 FINKEN_IR_ADC 0.224571 2571
39.173 6 FINKEN_SENSOR_MODEL 187 145 135 188 0. 0. 0.222656 0.083984 -0.023193 -3.068604 0. 0. 0. -0.016846 0. -0.025391 0.550781 0.232422 -9.669922
39.195 6 ROTORCRAFT_NAV_STATUS 49 49 120. 0. 1 2 3
39.236 6 INS 0 0 -288 0 0 -1153932 -74 73 -2527
39.313 6 FINKEN_SENSOR_MODEL 188 145 135 188 0. 0. 0.222656 0.083252 -0.023438 -3.069336 0. 0. 0. -0.022217 0.015869 -0.026367 0.417969 0.251953 -9.698242
39.331 6 WP_MOVED_ENU 1 -637 30720 16640
39.411 6 FINKEN_SENSOR_MODEL 187 145 135 188 0. 0. 0.222656 0.082275 -0.023926 -3.069336 0. 0. 0. -0.049805 0.001953 -0.008301 0.388672 0.318359 -9.703125
39.449 6 INS_REF 463580755 10300661 436507982 434622299 12728900 236843 185000 101809.
39.463 6 DL_VALUE 20 0.
39.568 6 FINKEN_SENSOR_MODEL 187 145 135 188 0. 0. 0.222656 0.082031 -0.024414 -3.071289 0. 0. 0. -0.001953 0.025391 -0.02124 0.451172 0.398438 -9.688477
39.593 6 FINKEN_ACTUATORS_MODEL 0. 0. 0. 0.425803
39.666 6 FINKEN_SENSOR_MODEL 187 145 135 188 0. 0. 0.222656 0.082031 -0.023926 -3.071777 0. 0. 0. -0.025391 0.006348 -0.015869 0.569336 0.222656 -9.597656
39.693 6 FINKEN_SYSTEM_SET_POINT 0.6 0. 0. 0.
39.770 6 FINKEN_SENSOR_MODEL 187 145 135 188 0. 0. 0.222656 0.082275 -0.023926 -3.072754 0. 0. 0. 0.038086 0.033936 -0.028564 0.512695 0.137695 -9.726562
39.793 6 ALIVE 51,12,6,153,130,67,51,149,187,61,126,71,158,170,127,210
39.871 6 FINKEN_SENSOR_MODEL 187 145 135 188 0. 0. 0.222656 0.082031 -0.023926 -3.073486 0. 0. 0. -0.012695 0.011475 0.023193 0.084961 0.094727 -9.927734
39.894 6 ROTORCRAFT_STATUS 0 0 2 0 0 0 0 0 0 0 126 60
39.972 6 FINKEN_SENSOR_MODEL 187 145 135 188 0. 0. 0.222656 0.08374 -0.023926 -3.076416 0. 0. 0. -0.078613 0.000977 -0.036133 0.864258 0.285156 -9.673828
40.005 6 RC 0,0,0,0,0,0,0,0,0,0,0,0
40.061 6 LINK_REPORT 6 -1 40 0 30311 551 46 930. 20. 10 -1.448980957e+12
40.080 6 FINKEN_SENSOR_MODEL 187 145 135 188 0. 0. 0.222656 0.083008 -0.023682 -3.081055 0. 0. 0. 0.018066 0.013672 -0.066895 0.379883 0.199219 -9.683594
40.095 6 FINKEN_IR_ADC 0.22419 2573
40.193 6 ROTORCRAFT_NAV_STATUS 50 50 120. 0. 1 2 3
40.269 6 FINKEN_SENSOR_MODEL 187 145 135 188 0. 0. 0.222656 0.082764 -0.023926 -3.090576 0. 0. 0. -0.012695 0.003174 -0.036133 0.426758 0.351562 -9.746094
40.336 6 ROTORCRAFT_FP 0 0 275 0 0 1145095 -97 335 -12660 0 0 0 0 0 0
40.412 6 FINKEN_SENSOR_MODEL 187 145 135 188 0. 0. 0.222656 0.081543 -0.023682 -3.091064 0. 0. 0. -0.034912 0.006348 -0.037109 0.327148 0.146484 -9.569336
40.491 6 FINKEN_SENSOR_MODEL 187 145 135 188 0. 0. 0.222656 0.081055 -0.02417 -3.092041 0. 0. 0. -0.011475 0.001953 -0.019043 0.816406 0.360352 -9.856445
40.763 6 FINKEN_SENSOR_MODEL 186 145 135 188 0. 0. 0.222656 0.078369 -0.023682 -3.107666 0. 0. 0. -0.022217 -0.014893 -0.174316 0.336914 0.056641 -9.813477
40.862 6 FINKEN_SENSOR_MODEL 186 145 135 189 0. 0. 0.222656 0.07959 -0.023682 -3.121338 0. 0. 0. -0.019043 0.036133 -0.138184 0.745117 0.166016 -9.645508
40.962 6 FINKEN_SENSOR_MODEL 184 144 135 190 0. 0. 0.222656 0.080811 -0.024902 -3.131348 0. 0. 0. -0.011475 -0.030762 -0.055176 0.474609 0.703125 -10.282227
40.995 6 RC 0,0,0,0,0,0,0,0,0,0,0,0
41.061 6 LINK_REPORT 6 -1 41 0 30957 562 48 646. 11. 11 -1.448980962e+12
41.074 6 FINKEN_SENSOR_MODEL 184 144 134 190 0. 0. 0.222656 0.080811 -0.023926 -3.130859 0. 0. 0. -0.007324 0.05835 0.054199 0.588867 -0.080078 -9.578125
41.086 6 FINKEN_IR_ADC 0.224381 2572
41.168 6 FINKEN_SENSOR_MODEL 182 144 134 191 0. 0. 0.222656 0.08374 -0.027832 -3.125732 0. 0. 0. -0.065918 0.056396 0.012695 0.773438 0.755859 -9.526367
41.183 6 ROTORCRAFT_NAV_STATUS 51 51 120. 0. 1 2 3
41.263 6 FINKEN_SENSOR_MODEL 182 146 134 192 0. 0. 0.222656 0.082764 -0.028076 -3.11792 0. 0. 0. 0.000977 -0.061523 0.086182 0.55957 0.484375 -9.477539
41.326 6 ROTORCRAFT_FP 0 0 240 0 0 1068700 -107 334 -12727 0 0 0 0 0 0
41.404 6 FINKEN_SENSOR_MODEL 180 145 134 193 0. 0. 0.222656 0.082764 -0.027344 -3.102295 0. 0. 0. -0.071289 0.110596 0.11377 0.417969 -0.056641 -9.875
41.486 6 FINKEN_SENSOR_MODEL 180 145 133 194 0. 0. 0.222656 0.084473 -0.026123 -3.103271 0. 0. 0. 0.034912 -0.032959 -0.089355 0.678711 -0.323242 -9.851562
41.562 6 FINKEN_SENSOR_MODEL 178 145 133 196 0. 0. 0.222656 0.083496 -0.026855 -3.10376 0. 0. 0. 0.091309 0.028564 0.027588 0.635742 -0.104492 -9.798828
41.662 6 FINKEN_SENSOR_MODEL 177 145 133 197 0. 0. 0.222656 0.083008 -0.028076 -3.101318 0. 0. 0. 0.005127 -0.02002 0.045654 0.217773 0.327148 -9.755859
41.760 6 FINKEN_SENSOR_MODEL 175 145 133 199 0. 0. 0.222656 0.08374 -0.027832 -3.097168 0. 0. 0. -0.077637 0. 0.032959 0.987305 0.613281 -9.703125
41.785 6 ALIVE 51,12,6,153,130,67,51,149,187,61,126,71,158,170,127,210
41.861 6 FINKEN_SENSOR_MODEL 173 145 133 200 0. 0. 0.222656 0.083008 -0.0271 -3.092773 0. 0. 0. -0.025391 0.025391 0.040283 0.379883 0.34668 -9.851562
41.885 6 ROTORCRAFT_STATUS 0 0 2 0 0 0 0 0 0 0 126 62
41.963 6 FINKEN_SENSOR_MODEL 170 145 133 202 0. 0. 0.222656 0.08374 -0.026611 -3.088379 0. 0. 0. -0.030762 0.067871 0.019043 0.635742 0.071289 -9.985352
41.997 6 RC 0,0,0,0,0,0,0,0,0,0,0,0
42.061 6 LINK_REPORT 6 -1 42 0 31871 578 48 914. 16. 11 -1.448980962e+12
42.071 6 FINKEN_SENSOR_MODEL 169 145 133 205 0. 0. 0.222656 0.083252 -0.026611 -3.085205 0. 0. 0. -0.02124 0.030762 0.023193 0.108398 -0.033203 -9.62207
42.085 6 FINKEN_IR_ADC 0.224571 2571
42.154 6 WIND_INFO 6 42 0. 0. 0.
42.260 6 FINKEN_SENSOR_MODEL 166 147 133 209 0. 0. 0.222656 0.084717 -0.028809 -3.079102 0. 0. 0. -0.09668 0.030762 0.014893 0.859375 0.893555 -9.650391
42.327 6 ROTORCRAFT_FP 0 0 285 0 0 1163361 -114 344 -12606 0 0 0 0 0 0
42.403 6 FINKEN_SENSOR_MODEL 163 146 134 210 0. 0. 0.222656 0.083984 -0.025879 -3.076904 0. 0. 0. -0.030762 -0.008301 0.006348 0.370117 -0.170898 -9.602539
42.480 6 FINKEN_SENSOR_MODEL 162 145 134 213 0. 0. 0.222656 0.08374 -0.028564 -3.075439 0. 0. 0. -0.052979 0.087158 -0.057373 0.289062 0.950195 -9.124023
42.493 6 DL_VALUE 21 100.
42.572 6 FINKEN_SENSOR_MODEL 159 144 134 214 0. 0. 0.222656 0.083496 -0.02417 -3.074219 0. 0. 0. -0.012695 -0.052002 0.006348 0.161133 -0.907227 -10.042969
42.592 6 FINKEN_ACTUATORS_MODEL 0. 0. 0. 0.434748
42.670 6 FINKEN_SENSOR_MODEL 158 144 134 217 0. 0. 0.222656 0.082764 -0.029297 -3.07251 0. 0. 0. 0.099854 -0.159424 -0.013672 0.070312 1.416016 -10.981445
42.695 6 FINKEN_SYSTEM_SET_POINT 0.6 0. 0. 0.
42.777 6 FINKEN_SENSOR_MODEL 155 144 134 218 0. 0. 0.222656 0.083008 -0.024414 -3.071777 0. 0. 0. -0.054199 -0.04248 -0.012695 0.166016 -0.170898 -9.439453
42.857 6 FINKEN_SENSOR_MODEL 154 144 134 220 0. 0. 0.222656 0.083252 -0.028809 -3.072266 0. 0. 0. 0.052979 -0.120117 -0.001953 -0.199219 1.549805 -9.894531
42.955 6 FINKEN_SENSOR_MODEL 153 143 134 221 0. 0. 0.222656 0.081299 -0.023926 -3.072266 0. 0. 0. -0.009521 -0.038086 -0.018066 -0.080078 -0.071289 -9.564453
42.990 6 RC 0,0,0,0,0,0,0,0,0,0,0,0
43.062 6 LINK_REPORT 6 -1 43 0 32699 593 49 828. 15. 12 -1.448980962e+12
43.063 6 FINKEN_SENSOR_MODEL 152 143 134 221 0. 0. 0.222656 0.083252 -0.024658 -3.072754 0. 0. 0. 0.083008 0.048828 0.015869 -0.051758 0.113281 -8.855469
43.077 6 FINKEN_IR_ADC 0.224571 2571
43.158 6 FINKEN_SENSOR_MODEL 152 143 134 222 0. 0. 0.222656 0.085449 -0.026611 -3.075439 0. 0. 0. -0.015869 0.039307 -0.026367 0.849609 0.460938 -9.574219
43.177 6 ROTORCRAFT_NAV_STATUS 53 53 120. 0. 1 2 3
43.257 6 FINKEN_SENSOR_MODEL 152 143 134 222 0. 0. 0.222656 0.086914 -0.025879 -3.077148 0. 0. 0. -0.007324 0.006348 -0.045654 0.754883 0.332031 -9.650391
43.322 6 ROTORCRAFT_FP 0 0 341 0 0 1203084 -105 354 -12605 0 0 0 0 0 0
43.398 6 FINKEN_SENSOR_MODEL 152 143 134 222 0. 0. 0.222656 0.086182 -0.026123 -3.077637 0. 0. 0. -0.011475 0.014893 -0.001953 0.227539 0.560547 -9.708008
43.478 6 FINKEN_SENSOR_MODEL 152 143 134 222 0. 0. 0.222656 0.08667 -0.024902 -3.078125 0. 0. 0. -0.032959 0.026367 -0.030762 0.379883 -0.071289 -9.540039
43.551 6 FINKEN_SENSOR_MODEL 152 143 134 222 0. 0. 0.222656 0.087158 -0.025879 -3.080322 0. 0. 0. -0.010498 0.006348 -0.041504 0.265625 0.532227 -9.746094
43.654 6 FINKEN_SENSOR_MODEL 152 143 134 222 0. 0. 0.222656 0.086426 -0.025635 -3.081299 0. 0. 0. -0.037109 0.010498 -0.04248 0.270508 0.365234 -9.673828
43.752 6 FINKEN_SENSOR_MODEL 153 143 134 222 0. 0. 0.222656 0.085449 -0.024902 -3.08252 0. 0. 0. -0.011475 0.023193 -0.024414 0.255859 -0.15625 -9.746094
43.780 6 ALIVE 51,12,6,153,130,67,51,149,187,61,126,71,158,170,127,210
43.855 6 FINKEN_SENSOR_MODEL 153 143 134 222 0. 0. 0.222656 0.085205 -0.025635 -3.08374 0. 0. 0. 0.030762 -0.025391 -0.039307 0.217773 0.084961 -9.650391
43.878 6 ROTORCRAFT_STATUS 0 0 2 0 0 0 0 0 0 0 126 64
43.953 6 FINKEN_SENSOR_MODEL 154 143 134 221 0. 0. 0.222656 0.084473 -0.026611 -3.085938 0. 0. 0. -0.003174 0.010498 -0.02002 0.18457 0.507812 -9.516602
43.990 6 RC 0,0,0,0,0,0,0,0,0,0,0,0
44.063 6 LINK_REPORT 6 -1 44 0 33613 609 49 914. 16. 12 -1.448980962e+12
44.064 6 FINKEN_SENSOR_MODEL 154 143 134 220 0. 0. 0.222656 0.083252 -0.026611 -3.088379 0. 0. 0. -0.07959 -0.023193 -0.041504 0.080078 0.446289 -9.640625
44.075 6 FINKEN_IR_ADC 0.224762 2570
44.155 6 FINKEN_SENSOR_MODEL 156 143 134 218 0. 0. 0.222656 0.083008 -0.026367 -3.089844 0. 0. 0. -0.062744 0.034912 0.006348 0.270508 0.075195 -9.43457
44.175 6 ROTORCRAFT_NAV_STATUS 54 54 120. 0. 1 2 3
44.296 6 FINKEN_SENSOR_MODEL 157 144 134 217 0. 0. 0.222656 0.081787 -0.026855 -3.091553 0. 0. 0. -0.025391 -0.003174 -0.010498 -0.141602 0.208984 -9.181641
44.314 6 WP_MOVED_ENU 0 10529 10974 16640
44.395 6 FINKEN_SENSOR_MODEL 160 144 134 215 0. 0. 0.222656 0.082764 -0.027588 -3.092041 0. 0. 0. 0.052979 -0.024414 -0.018066 0.545898 0.208984 -10.373047
44.432 6 INS_REF 463580755 10300661 436507982 434622299 12728900 236843 185000 101809.
44.547 6 FINKEN_SENSOR_MODEL 164 144 134 211 0. 0. 0.222656 0.084717 -0.027344 -3.082764 0. 0. 0. -0.077637 0.030762 0.101074 0.53125 0.588867 -9.741211
44.648 6 FINKEN_SENSOR_MODEL 166 144 134 208 0. 0. 0.222656 0.086426 -0.029297 -3.0625 0. 0. 0. 0.054199 0.012695 0.281982 1.234375 1.074219 -9.209961
44.747 6 FINKEN_SENSOR_MODEL 169 144 134 206 0. 0. 0.222656 0.087158 -0.026855 -3.045898 0. 0. 0. -0.006348 0.012695 -0.016846 0.383789 -0.071289 -9.396484
44.848 6 FINKEN_SENSOR_MODEL 170 144 134 205 0. 0. 0.222656 0.091309 -0.025391 -3.05835 0. 0. 0. 0.087158 0.028564 -0.143555 1.272461 -0.323242 -10.224609
44.947 6 FINKEN_SENSOR_MODEL 172 144 135 203 0. 0. 0.222656 0.083252 -0.023682 -3.069092 0. 0. 0. -0.005127 0.075439 -0.00415 -0.597656 1.054688 -9.25293
44.979 6 RC 0,0,0,0,0,0,0,0,0,0,0,0
45.058 6 FINKEN_SENSOR_MODEL 173 144 135 202 0. 0. 0.222656 0.091064 -0.0271 -3.064209 0. 0. 0. 0.304199 0.069092 0.057373 1.144531 -0.123047 -8.774414
45.064 6 LINK_REPORT 6 -1 45 0 34474 624 50 861. 15. 12 -1.448980962e+12
45.068 6 FINKEN_IR_ADC 0.22419 2573
45.146 6 FINKEN_SENSOR_MODEL 175 144 135 200 0. 0. 0.222656 0.085938 -0.022461 -3.064941 0. 0. 0. -0.298828 0.240479 -0.114746 0.702148 -0.018555 -9.813477
45.167 6 ROTORCRAFT_NAV_STATUS 55 55 120. 0. 1 2 3
45.245 6 FINKEN_SENSOR_MODEL 176 144 135 199 0. 0. 0.222656 0.088623 -0.025146 -3.07666 0. 0. 0. 0.037109 0.016846 -0.214844 -1.035156 -0.12793 -9.429688
45.313 6 ROTORCRAFT_FP 0 0 253 0 0 974890 -111 372 -12651 0 0 0 0 0 0
45.390 6 FINKEN_SENSOR_MODEL 177 144 135 197 0. 0. 0.222656 0.090576 -0.029541 -3.090332 0. 0. 0. -0.061523 0.003174 -0.120117 0.764648 1.026367 -9.477539
45.470 6 FINKEN_SENSOR_MODEL 178 144 135 197 0. 0. 0.222656 0.088867 -0.027832 -3.095947 0. 0. 0. -0.102051 0.063721 -0.055176 0.255859 0.517578 -9.501953
45.478 6 DL_VALUE 22 0.
45.660 6 FINKEN_SENSOR_MODEL 181 145 135 194 0. 0. 0.222656 0.089355 -0.028076 -3.124023 0. 0. 0. 0.018066 0.000977 -0.158447 0.831055 0.137695 -9.358398
45.679 6 FINKEN_SYSTEM_SET_POINT 0.6 0. 0. 0.
45.755 6 FINKEN_SENSOR_MODEL 182 145 135 192 0. 0. 0.222656 0.089111 -0.02832 -3.132812 0. 0. 0. -0.065918 0.005127 -0.076416 0.62207 0.746094 -9.746094
45.778 6 ALIVE 51,12,6,153,130,67,51,149,187,61,126,71,158,170,127,210
45.855 6 FINKEN_SENSOR_MODEL 183 144 135 192 0. 0. 0.222656 0.0896 -0.02832 3.13916 0. 0. 0. 0.009521 0.032959 -0.13501 1.063477 0.394531 -9.655273
45.959 6 FINKEN_SENSOR_MODEL 185 144 135 190 0. 0. 0.222656 0.089355 -0.029297 3.12915 0. 0. 0. -0.034912 0.008301 -0.109375 0.668945 0.570312 -9.669922
46.065 6 LINK_REPORT 6 -1 46 0 35219 638 52 745. 14. 13 -1.448980967e+12
46.069 6 FINKEN_SENSOR_MODEL 185 144 135 190 0. 0. 0.222656 0.089111 -0.028564 3.124756 0. 0. 0. -0.064697 -0.00415 -0.05957 0.697266 -0.123047 -9.894531
46.080 6 FINKEN_IR_ADC 0.223238 2578
46.157 6 FINKEN_SENSOR_MODEL 186 144 135 189 0. 0. 0.222656 0.087402 -0.029541 3.120361 0. 0. 0. 0.052979 0.040283 -0.011475 0.099609 0.323242 -9.861328
46.182 6 ROTORCRAFT_NAV_STATUS 56 56 120. 0. 1 2 3
46.256 6 FINKEN_SENSOR_MODEL 186 144 136 189 0. 0. 0.222656 0.086182 -0.030762 3.123535 0. 0. 0. -0.036133 -0.015869 0.041504 0.066406 0.793945 -9.444336
46.321 6 ROTORCRAFT_FP 0 0 259 0 0 1010587 -119 355 12801 0 0 0 0 0 0
46.441 6 FINKEN_SENSOR_MODEL 187 144 136 189 0. 0. 0.222656 0.090088 -0.034424 3.11377 0. 0. 0. 0.029785 -0.001953 -0.046631 1.196289 1.458984 -9.765625
46.542 6 FINKEN_SENSOR_MODEL 188 144 136 187 0. 0. 0.222656 0.091553 -0.032471 3.116699 0. 0. 0. -0.145752 0.012695 -0.028564 1.761719 0.394531 -9.630859
46.639 6 FINKEN_SENSOR_MODEL 188 144 136 187 0. 0. 0.222656 0.085938 -0.032715 3.120605 0. 0. 0. -0.174316 -0.0979 0.044678 -0.237305 0.227539 -8.975586
46.743 6 FINKEN_SENSOR_MODEL 189 144 136 186 0. 0. 0.222656 0.084961 -0.035156 3.131104 0. 0. 0. 0.047852 0.052979 0.009521 0.493164 0.308594 -9.37793
46.838 6 FINKEN_SENSOR_MODEL 189 144 136 186 0. 0. 0.222656 0.084717 -0.037598 3.133789 0. 0. 0. 0.161621 -0.127686 0.028564 0.066406 0.931641 -9.482422
46.941 6 FINKEN_SENSOR_MODEL 188 145 135 186 0. 0. 0.222656 0.078613 -0.026367 -3.141357 0. 0. 0. 0.11792 -0.164795 0.105225 0.232422 -0.507812 -10.076172
46.971 6 RC 0,0,0,0,0,0,0,0,0,0,0,0
47.049 6 FINKEN_SENSOR_MODEL 188 145 135 187 0. 0. 0.222656 0.082275 -0.037354 -3.123291 0. 0. 0. 0.346924 0.05835 0.209473 -2.118164 1.772461 -8.621094
47.061 6 FINKEN_IR_ADC 0.224 2574
47.065 6 LINK_REPORT 6 -1 47 0 36099 653 53 880. 15. 13 -1.448980967e+12
47.140 6 FINKEN_SENSOR_MODEL 188 145 135 187 0. 0. 0.222656 0.08667 -0.036377 -3.108887 0. 0. 0. 0.073242 0.056396 0.044678 0.801758 1.601562 -9.952148
47.159 6 ROTORCRAFT_NAV_STATUS 57 57 120. 0. 1 2 3
47.235 6 FINKEN_SENSOR_MODEL 188 145 135 186 0. 0. 0.222656 0.084473 -0.02417 -3.109375 0. 0. 0. -0.012695 -0.132812 -0.024414 0.640625 -1.339844 -9.587891
47.302 6 ROTORCRAFT_FP 0 0 272 0 0 1039244 -133 356 -12723 0 0 0 0 0 0
47.540 6 FINKEN_SENSOR_MODEL 188 145 134 186 0. 0. 0.222656 0.081299 -0.024658 -3.109863 0. 0. 0. 0.394775 -0.001953 -0.064697 -0.370117 -0.451172 -9.630859
47.637 6 FINKEN_SENSOR_MODEL 188 146 134 187 0. 0. 0.222656 0.074219 -0.016602 -3.103027 0. 0. 0. 0.154297 0.130859 0.128662 -1.015625 -0.499023 -9.439453
47.839 6 FINKEN_SENSOR_MODEL 190 149 131 186 0. 0. 0.222656 0.083984 -0.022949 -3.09668 0. 0. 0. -0.081787 0.052002 -0.110596 -0.080078 -0.289062 -10.928711
47.863 6 ROTORCRAFT_STATUS 0 0 2 0 0 0 0 0 0 0 126 68
47.937 6 FINKEN_SENSOR_MODEL 191 151 128 185 0. 0. 0.222656 0.084717 -0.026367 -3.096924 0. 0. 0. 0.098877 0.109375 0.077637 1.458008 0.522461 -9.914062
47.969 6 RC 0,0,0,0,0,0,0,0,0,0,0,0
48.049 6 FINKEN_SENSOR_MODEL 191 154 127 185 0. 0. 0.222656 0.084961 -0.025635 -3.087402 0. 0. 0. -0.028564 0.044678 0.043457 0.949219 0.959961 -9.305664
48.062 6 FINKEN_IR_ADC 0.224762 2570
48.065 6 LINK_REPORT 6 -1 48 0 36768 665 56 669. 12. 13 -1.448980967e+12
48.139 6 FINKEN_SENSOR_MODEL 191 156 124 185 0. 0. 0.222656 0.08667 -0.024414 -3.081055 0. 0. 0. 0.055176 0.049805 -0.009521 0.607422 0.413086 -10.033203
48.158 6 ROTORCRAFT_NAV_STATUS 58 58 120. 0. 1 2 3
48.238 6 FINKEN_SENSOR_MODEL 191 159 123 186 0. 0. 0.222656 0.086182 -0.023926 -3.080322 0. 0. 0. 0.02124 0.040283 -0.009521 0.655273 0.379883 -9.827148
48.307 6 ROTORCRAFT_FP 0 0 278 0 0 1028520 -93 357 -12602 0 0 0 0 0 0
48.382 6 FINKEN_SENSOR_MODEL 191 161 120 186 0. 0. 0.222656 0.08667 -0.022461 -3.076172 0. 0. 0. -0.019043 -0.048828 0.037109 0.137695 -0.213867 -9.765625
48.456 6 FINKEN_SENSOR_MODEL 191 163 118 186 0. 0. 0.222656 0.086914 -0.021729 -3.06958 0. 0. 0. 0.086182 0.089355 0.038086 0.146484 -0.161133 -10.171875
48.469 6 DL_VALUE 23 0.
48.646 6 FINKEN_SENSOR_MODEL 189 167 114 186 0. 0. 0.222656 0.089355 -0.020508 -3.066162 0. 0. 0. -0.026367 0.051025 -0.015869 0.398438 0.341797 -9.439453
48.669 6 FINKEN_SYSTEM_SET_POINT 0.6 0. 0. 0.
48.745 6 FINKEN_SENSOR_MODEL 189 169 111 187 0. 0. 0.222656 0.088379 -0.019287 -3.064941 0. 0. 0. 0.040283 0.037109 -0.006348 0.089844 0.532227 -9.750977
48.833 6 FINKEN_SENSOR_MODEL 190 170 110 187 0. 0. 0.222656 0.090088 -0.019287 -3.067139 0. 0. 0. -0.041504 0.04248 -0.033936 0.77832 0.72168 -9.712891
48.932 6 FINKEN_SENSOR_MODEL 189 172 107 189 0. 0. 0.222656 0.0896 -0.019043 -3.070557 0. 0. 0. 0.007324 0.025391 -0.031738 0.40332 0.603516 -9.526367
48.964 6 RC 0,0,0,0,0,0,0,0,0,0,0,0
49.043 6 FINKEN_SENSOR_MODEL 189 173 106 188 0. 0. 0.222656 0.0896 -0.01709 -3.07666 0. 0. 0. -0.064697 -0.040283 -0.104248 0.18457 0.033203 -9.277344
49.053 6 FINKEN_IR_ADC 0.224571 2571
49.065 6 LINK_REPORT 6 -1 49 0 37595 680 58 827. 15. 13 -1.448980967e+12
49.131 6 FINKEN_SENSOR_MODEL 188 175 104 188 0. 0. 0.222656 0.0896 -0.016357 -3.0896 0. 0. 0. 0.046631 0.005127 -0.126465 0.626953 -0.265625 -9.526367
49.153 6 ROTORCRAFT_NAV_STATUS 59 59 120. 0. 1 2 3
49.197 6 INS 0 0 -245 0 0 -941261 -263 -180 -2123
49.274 6 FINKEN_SENSOR_MODEL 187 176 104 188 0. 0. 0.222656 0.09082 -0.017334 -3.100098 0. 0. 0. 0.034912 0.015869 -0.19458 0.854492 0.351562 -9.750977
49.342 6 ROTORCRAFT_FP 0 0 252 0 0 961128 -81 367 -12752 0 0 0 0 0 0
49.363 6 WP_MOVED_ENU 1 -637 30720 16640
49.401 6 INS_REF 463580755 10300661 436507982 434622299 12728900 236843 185000 101809.
49.476 6 FINKEN_SENSOR_MODEL 187 178 101 188 0. 0. 0.222656 0.091064 -0.018066 -3.119629 0. 0. 0. -0.003174 0.001953 -0.075439 0.764648 -0.104492 -9.84668
49.554 6 FINKEN_SENSOR_MODEL 187 179 100 189 0. 0. 0.222656 0.090576 -0.01709 -3.120117 0. 0. 0. -0.010498 0.027588 -0.023193 0.612305 -0.341797 -9.746094
49.633 6 FINKEN_SENSOR_MODEL 187 179 100 188 0. 0. 0.222656 0.09082 -0.017822 -3.119629 0. 0. 0. -0.057373 -0.014893 -0.034912 0.550781 0.132812 -9.703125
49.729 6 FINKEN_SENSOR_MODEL 187 179 100 188 0. 0. 0.222656 0.090088 -0.018555 -3.118896 0. 0. 0. -0.087158 0.02124 -0.008301 0.222656 0.532227 -9.612305
49.756 6 ALIVE 51,12,6,153,130,67,51,149,187,61,126,71,158,170,127,210
49.830 6 FINKEN_SENSOR_MODEL 187 179 100 188 0. 0. 0.222656 0.09082 -0.018799 -3.118652 0. 0. 0. -0.00415 0.003174 -0.030762 0.660156 0.365234 -9.917969
49.853 6 ROTORCRAFT_STATUS 0 0 2 0 0 0 0 0 0 0 126 70
49.933 6 FINKEN_SENSOR_MODEL 187 179 100 188 0. 0. 0.222656 0.091064 -0.019043 -3.115967 0. 0. 0. -0.032959 -0.00415 -0.019043 0.550781 0.24707 -9.750977
49.964 6 RC 0,0,0,0,0,0,0,0,0,0,0,0
50.041 6 FINKEN_SENSOR_MODEL 187 179 100 188 0. 0. 0.222656 0.090576 -0.019531 -3.116455 0. 0. 0. -0.049805 0.031738 -0.011475 0.507812 0.204102 -9.703125
50.055 6 FINKEN_IR_ADC 0.22419 2573
50.065 6 LINK_REPORT 6 -1 50 0 38534 698 58 939. 18. 13 -1.448980967e+12
50.129 6 FINKEN_SENSOR_MODEL 187 178 101 188 0. 0. 0.222656 0.091064 -0.020996 -3.113525 0. 0. 0. -0.010498 0.054199 0.024414 0.660156 0.603516 -9.952148
50.153 6 ROTORCRAFT_NAV_STATUS 60 60 120. 0. 1 2 3
50.230 6 FINKEN_SENSOR_MODEL 187 177 102 188 0. 0. 0.222656 0.090088 -0.020996 -3.114258 0. 0. 0. 0.030762 -0.013672 -0.060547 0.341797 0.123047 -10.0625
50.297 6 ROTORCRAFT_FP 0 0 250 0 0 957701 -78 357 -12796 0 0 0 0 0 0
50.449 6 FINKEN_SENSOR_MODEL 189 174 104 188 0. 0. 0.222656 0.088623 -0.021484 -3.138916 0. 0. 0. -0.043457 0.014893 -0.106201 0.293945 -0.265625 -8.544922
50.527 6 FINKEN_SENSOR_MODEL 189 173 106 189 0. 0. 0.222656 0.090576 -0.024658 -3.133789 0. 0. 0. -0.078613 -0.006348 0.181885 1.010742 0.303711 -10.057617
50.823 6 FINKEN_SENSOR_MODEL 192 168 110 185 0. 0. 0.222656 0.090332 -0.030029 -3.111816 0. 0. 0. -0.033936 -0.02124 -0.17334 0.242188 0.527344 -9.62207
50.930 6 FINKEN_SENSOR_MODEL 190 167 113 185 0. 0. 0.222656 0.09082 -0.031982 -3.12085 0. 0. 0. -0.19043 0.172363 -0.110596 0.897461 0.959961 -9.109375
50.960 6 RC 0,0,0,0,0,0,0,0,0,0,0,0
51.037 6 FINKEN_SENSOR_MODEL 190 164 115 186 0. 0. 0.222656 0.091064 -0.031006 -3.125488 0. 0. 0. -0.090332 0.006348 -0.163818 0.398438 -0.242188 -10.249023
51.052 6 FINKEN_IR_ADC 0.223048 2579
51.066 6 LINK_REPORT 6 -1 51 0 39180 709 60 646. 11. 14 -1.448980972e+12
51.128 6 FINKEN_SENSOR_MODEL 190 162 117 187 0. 0. 0.222656 0.0896 -0.032715 -3.140625 0. 0. 0. -0.005127 -0.003174 -0.213867 0.365234 0.384766 -9.458984
51.149 6 ROTORCRAFT_NAV_STATUS 61 61 120. 0. 1 2 3
51.373 6 FINKEN_SENSOR_MODEL 188 159 120 187 0. 0. 0.222656 0.086182 -0.035889 -3.121826 0. 0. 0. 0.055176 -0.02002 0.315918 -0.298828 0.921875 -10.176758
51.447 6 FINKEN_SENSOR_MODEL 187 157 121 188 0. 0. 0.222656 0.088623 -0.033936 -3.103516 0. 0. 0. -0.012695 0.086182 0.011475 1.001953 0.323242 -9.521484
51.459 6 DL_VALUE 24 210.
51.537 6 FINKEN_SENSOR_MODEL 187 155 124 189 0. 0. 0.222656 0.085693 -0.033936 -3.117432 0. 0. 0. 0.054199 -0.05957 -0.218994 -0.550781 0.351562 -9.703125
51.561 6 FINKEN_ACTUATORS_MODEL 0. -0.692934 0. 0.461678
51.659 6 FINKEN_SYSTEM_SET_POINT 0.6 0. 0. 0.
51.738 6 FINKEN_SENSOR_MODEL 189 152 127 187 0. 0. 0.222656 0.087158 -0.034912 -3.118408 0. 0. 0. -0.046631 0.010498 -0.060547 0.451172 0.398438 -9.957031
51.762 6 ALIVE 51,12,6,153,130,67,51,149,187,61,126,71,158,170,127,210
51.840 6 FINKEN_SENSOR_MODEL 190 150 128 187 0. 0. 0.222656 0.084717 -0.033936 -3.11792 0. 0. 0. 0.069092 -0.000977 -0.024414 -0.023438 -0.151367 -9.650391
51.863 6 ROTORCRAFT_STATUS 0 0 2 0 0 0 0 0 0 0 126 72
51.939 6 FINKEN_SENSOR_MODEL 190 148 131 186 0. 0. 0.222656 0.084473 -0.02832 -3.111328 0. 0. 0. -0.101074 0.106201 0.134033 0.849609 -0.827148 -9.832031
51.972 6 RC 0,0,0,0,0,0,0,0,0,0,0,0
52.051 6 FINKEN_SENSOR_MODEL 190 146 132 186 0. 0. 0.222656 0.084229 -0.027588 -3.103516 0. 0. 0. 0.071289 -0.137207 -0.056396 0.355469 -0.413086 -9.338867
52.060 6 FINKEN_IR_ADC 0.22381 2575
52.067 6 LINK_REPORT 6 -1 52 0 39937 725 62 757. 16. 14 -1.448980972e+12
52.138 6 FINKEN_SENSOR_MODEL 190 144 135 186 0. 0. 0.222656 0.080322 -0.025391 -3.105713 0. 0. 0. -0.049805 0.227539 -0.026367 0.037109 -0.631836 -10.124023
52.154 6 WIND_INFO 6 42 0. 0. 0.
52.305 6 ROTORCRAFT_FP 0 0 272 0 0 1020028 -109 338 -12719 0 0 0 0 0 0
52.416 6 FINKEN_SENSOR_MODEL 190 143 136 186 0. 0. 0.222656 0.084717 -0.033936 -3.106201 0. 0. 0. -0.188232 0.055176 -0.052002 1.025391 0.774414 -9.995117
52.519 6 FINKEN_SENSOR_MODEL 190 143 136 186 0. 0. 0.222656 0.084961 -0.031982 -3.106445 0. 0. 0. 0.011475 0.057373 -0.033936 0.099609 0.242188 -9.381836
52.616 6 FINKEN_SENSOR_MODEL 190 143 136 186 0. 0. 0.222656 0.085693 -0.032715 -3.106934 0. 0. 0. -0.02124 -0.010498 -0.030762 0.702148 0.427734 -9.612305
52.718 6 FINKEN_SENSOR_MODEL 190 143 136 186 0. 0. 0.222656 0.084473 -0.032715 -3.107422 0. 0. 0. -0.014893 0.010498 -0.036133 0.237305 0.356445 -9.736328
52.817 6 FINKEN_SENSOR_MODEL 190 143 136 186 0. 0. 0.222656 0.085205 -0.032227 -3.108154 0. 0. 0. -0.026367 0.028564 -0.028564 0.726562 0.232422 -9.841797
52.915 6 FINKEN_SENSOR_MODEL 190 143 136 186 0. 0. 0.222656 0.085205 -0.032471 -3.108643 0. 0. 0. -0.009521 0.001953 -0.025391 0.398438 0.199219 -9.78418
52.962 6 RC 0,0,0,0,0,0,0,0,0,0,0,0
53.040 6 FINKEN_SENSOR_MODEL 190 143 136 186 0. 0. 0.222656 0.084473 -0.032471 -3.109131 0. 0. 0. -0.016846 0.02124 -0.028564 0.375 0.336914 -9.683594
53.050 6 FINKEN_IR_ADC 0.224571 2571
53.067 6 LINK_REPORT 6 -1 53 0 40636 736 63 699. 11. 15 -1.448980972e+12
53.127 6 FINKEN_SENSOR_MODEL 190 143 136 186 0. 0. 0.222656 0.085693 -0.032471 -3.109619 0. 0. 0. -0.007324 0.011475 -0.029785 0.72168 0.255859 -9.673828
53.149 6 ROTORCRAFT_NAV_STATUS 63 63 120. 0. 1 2 3
53.226 6 FINKEN_SENSOR_MODEL 190 143 136 186 0. 0. 0.222656 0.084473 -0.032471 -3.110107 0. 0. 0. -0.02002 0.001953 -0.028564 0.293945 0.323242 -9.683594
53.294 6 ROTORCRAFT_FP 0 0 266 0 0 960540 -133 348 -12742 0 0 0 0 0 0
53.371 6 FINKEN_SENSOR_MODEL 190 143 136 186 0. 0. 0.222656 0.084717 -0.032471 -3.11084 0. 0. 0. -0.013672 0.028564 -0.030762 0.455078 0.289062 -9.736328
53.448 6 FINKEN_SENSOR_MODEL 190 143 136 186 0. 0. 0.222656 0.085205 -0.032227 -3.111328 0. 0. 0. -0.02124 0.001953 -0.026367 0.626953 0.255859 -9.746094
53.525 6 FINKEN_SENSOR_MODEL 190 143 136 186 0. 0. 0.222656 0.084229 -0.032471 -3.111816 0. 0. 0. -0.010498 0.011475 -0.027588 0.194336 0.242188 -9.592773
53.615 6 FINKEN_SENSOR_MODEL 190 143 136 186 0. 0. 0.222656 0.085205 -0.032227 -3.112549 0. 0. 0. -0.014893 0.02124 -0.027588 0.660156 0.237305 -9.625977
53.714 6 FINKEN_SENSOR_MODEL 191 143 137 186 0. 0. 0.222656 0.084961 -0.032471 -3.113037 0. 0. 0. -0.014893 0.001953 -0.026367 0.421875 0.336914 -9.698242
53.751 6 ALIVE 51,12,6,153,130,67,51,149,187,61,126,71,158,170,127,210
53.830 6 FINKEN_SENSOR_MODEL 191 143 137 186 0. 0. 0.222656 0.084473 -0.032471 -3.113525 0. 0. 0. -0.016846 0.02124 -0.029785 0.313477 0.222656 -9.655273
53.964 6 RC 0,0,0,0,0,0,0,0,0,0,0,0
54.053 6 FINKEN_IR_ADC 0.224571 2571
54.067 6 LINK_REPORT 6 -1 54 0 41379 749 64 743. 13. 15 -1.448980972e+12
54.131 6 FINKEN_SENSOR_MODEL 190 143 137 186 0. 0. 0.222656 0.084717 -0.032471 -3.11499 0. 0. 0. -0.012695 0.02002 -0.026367 0.484375 0.308594 -9.703125
54.155 6 ROTORCRAFT_NAV_STATUS 64 64 120. 0. 1 2 3
54.197 6 INS 0 0 -198 0 0 -832500 -105 -40 -2030
54.295 6 ROTORCRAFT_FP 0 0 205 0 0 853418 -133 345 -12764 0 0 0 0 0 0
54.313 6 WP_MOVED_ENU 0 10529 10974 16640
54.371 6 INS_REF 463580755 10300661 436507982 434622299 12728900 236843 185000 101809.
54.447 6 FINKEN_SENSOR_MODEL 190 143 137 186 0. 0. 0.222656 0.084961 -0.032227 -3.116699 0. 0. 0. -0.012695 0.015869 -0.030762 0.579102 0.217773 -9.655273
54.459 6 DL_VALUE 25 0.
54.538 6 FINKEN_SENSOR_MODEL 190 143 137 186 0. 0. 0.222656 0.084717 -0.032471 -3.117188 0. 0. 0. -0.016846 0.005127 -0.030762 0.413086 0.275391 -9.62207
54.560 6 FINKEN_ACTUATORS_MODEL 0. -0. 0. 0.47073
54.637 6 FINKEN_SENSOR_MODEL 190 143 137 186 0. 0. 0.222656 0.084229 -0.032227 -3.117676 0. 0. 0. -0.011475 0.02002 -0.029785 0.383789 0.289062 -9.669922
54.662 6 FINKEN_SYSTEM_SET_POINT 0.6 0. 0. 0.
54.736 6 FINKEN_SENSOR_MODEL 190 143 137 186 0. 0. 0.222656 0.084961 -0.032227 -3.118164 0. 0. 0. -0.012695 0.011475 -0.030762 0.660156 0.242188 -9.741211
54.815 6 FINKEN_SENSOR_MODEL 190 143 137 186 0. 0. 0.222656 0.084229 -0.032227 -3.118408 0. 0. 0. -0.018066 0.009521 -0.028564 0.34668 0.332031 -9.750977
54.907 6 FINKEN_SENSOR_MODEL 190 143 137 186 0. 0. 0.222656 0.084717 -0.032227 -3.119141 0. 0. 0. -0.014893 0.019043 -0.028564 0.526367 0.255859 -9.607422
54.963 6 RC 0,0,0,0,0,0,0,0,0,0,0,0
55.038 6 FINKEN_SENSOR_MODEL 190 143 137 186 0. 0. 0.222656 0.084717 -0.032227 -3.119629 0. 0. 0. -0.016846 0.009521 -0.026367 0.545898 0.237305 -9.678711
55.051 6 FINKEN_IR_ADC 0.224762 2570
55.068 6 LINK_REPORT 6 -1 55 0 42253 767 64 874. 18. 15 -1.448980972e+12
55.129 6 FINKEN_SENSOR_MODEL 190 143 137 186 0. 0. 0.222656 0.084229 -0.032227 -3.119873 0. 0. 0. -0.014893 0.018066 -0.025391 0.34668 0.318359 -9.731445
55.149 6 ROTORCRAFT_NAV_STATUS 65 65 120. 0. 1 2 3
55.226 6 FINKEN_SENSOR_MODEL 190 143 137 186 0. 0. 0.222656 0.084717 -0.032227 -3.120605 0. 0. 0. -0.015869 0.016846 -0.029785 0.602539 0.327148 -9.678711
55.294 6 ROTORCRAFT_FP 0 0 185 0 0 844891 -132 345 -12784 0 0 0 0 0 0
55.407 6 FINKEN_SENSOR_MODEL 190 143 137 186 0. 0. 0.222656 0.084473 -0.032227 -3.121338 0. 0. 0. -0.012695 0.023193 -0.029785 0.498047 0.308594 -9.683594
55.510 6 FINKEN_SENSOR_MODEL 190 143 137 186 0. 0. 0.222656 0.084717 -0.032227 -3.121826 0. 0. 0. -0.015869 0.009521 -0.029785 0.588867 0.242188 -9.755859
55.804 6 FINKEN_SENSOR_MODEL 190 143 137 186 0. 0. 0.222656 0.084473 -0.032227 -3.123291 0. 0. 0. -0.015869 0.003174 -0.028564 0.474609 0.285156 -9.645508
55.831 6 ALIVE 51,12,6,153,130,67,51,149,187,61,126,71,158,170,127,210
55.909 6 FINKEN_SENSOR_MODEL 190 143 137 186 0. 0. 0.222656 0.084229 -0.032227 -3.123779 0. 0. 0. -0.009521 0.018066 -0.029785 0.327148 0.370117 -9.640625
55.927 6 ROTORCRAFT_STATUS 0 0 2 0 0 0 0 0 0 0 126 76
56.010 6 FINKEN_SENSOR_MODEL 190 143 137 186 0. 0. 0.222656 0.084717 -0.031982 -3.124268 0. 0. 0. -0.016846 0.015869 -0.027588 0.583984 0.208984 -9.726562
56.037 6 RC 0,0,0,0,0,0,0,0,0,0,0,0
56.068 6 LINK_REPORT 6 -1 56 0 42933 779 65 680. 12. 16 -1.448980977e+12
56.115 6 FINKEN_SENSOR_MODEL 190 143 137 186 0. 0. 0.222656 0.084229 -0.032227 -3.124512 0. 0. 0. -0.015869 0.009521 -0.028564 0.365234 0.275391 -9.708008
56.131 6 FINKEN_IR_ADC 0.223619 2576
56.210 6 FINKEN_SENSOR_MODEL 190 143 137 186 0. 0. 0.222656 0.084473 -0.032227 -3.125 0. 0. 0. -0.014893 0.02002 -0.029785 0.526367 0.318359 -9.650391
56.230 6 ROTORCRAFT_NAV_STATUS 66 66 120. 0. 1 2 3
56.306 6 FINKEN_SENSOR_MODEL 190 143 137 186 0. 0. 0.21875 0.084717 -0.032227 -3.125488 0. 0. 0. -0.013672 0.007324 -0.026367 0.53125 0.356445 -9.574219
56.403 6 FINKEN_SENSOR_MODEL 190 143 137 186 0. 0. 0.222656 0.084229 -0.032227 -3.125977 0. 0. 0. -0.015869 0.012695 -0.029785 0.393555 0.379883 -9.717773
