1.799 6 FINKEN_SENSOR_MODEL 102 56 44 102 0. 0. 0.242188 0.05127 -0.00708 2.918213 0. 0. 0. -0.026367 0.013672 -0.013672 0.033203 -0.018555 -9.875
1.814 6 FINKEN_IR_ADC 0.24419 2468
1.896 6 FINKEN_SENSOR_MODEL 102 56 44 102 0. 0. 0.242188 0.05127 -0.00708 2.917236 0. 0. 0. -0.025391 0.013672 -0.012695 0.094727 0. -9.827148
1.915 6 ROTORCRAFT_NAV_STATUS 126 126 120. 0. 1 2 3
1.965 6 LINK_REPORT 6 -1 2 0 1637 29 1 938. 18. 0 0.
1.994 6 FINKEN_SENSOR_MODEL 102 56 44 102 0. 0. 0.242188 0.05127 -0.006836 2.916016 0. 0. 0. -0.025391 0.012695 -0.012695 0.12793 -0.018555 -9.770508
2.061 6 ROTORCRAFT_FP 0 0 -298 0 0 -2114 -28 210 11942 -637 30720 -703 11478 0 44
2.138 6 FINKEN_SENSOR_MODEL 102 56 44 103 0. 0. 0.242188 0.05127 -0.006836 2.914795 0. 0. 0. -0.027588 0.013672 -0.012695 0.123047 0.080078 -9.884766
2.216 6 FINKEN_SENSOR_MODEL 102 56 44 103 0. 0. 0.242188 0.051514 -0.006836 2.913818 0. 0. 0. -0.029785 0.012695 -0.011475 0.12793 0.023438 -9.851562
2.292 6 FINKEN_SENSOR_MODEL 102 56 44 103 0. 0. 0.242188 0.051514 -0.006836 2.912598 0. 0. 0. -0.025391 0.013672 -0.009521 0.118164 0.056641 -9.779297
2.392 6 FINKEN_SENSOR_MODEL 102 56 44 103 0. 0. 0.242188 0.051514 -0.006836 2.911377 0. 0. 0. -0.025391 0.010498 -0.012695 0.084961 0.075195 -9.78418
2.493 6 FINKEN_SENSOR_MODEL 178 56 44 104 0. 0. 0.242188 0.051514 -0.006836 2.9104 0. 0. 0. -0.029785 0.013672 -0.012695 -0.008789 0. -9.736328
2.913 6 ROTORCRAFT_NAV_STATUS 127 127 120. 0. 1 2 3
2.933 6 UART_ERRORS 0 0 0 3
2.966 6 LINK_REPORT 6 -1 3 0 2179 38 3 542. 9. 0 0.
3.006 6 FINKEN_SENSOR_MODEL 293 56 44 104 0. 0. 0.242188 0.051514 -0.006592 2.905029 0. 0. 0. -0.028564 0.012695 -0.010498 0.023438 0.056641 -9.770508
3.076 6 ROTORCRAFT_FP 0 0 -323 0 0 -23081 -27 211 11897 -637 30720 -703 11478 0 44
3.148 6 FINKEN_SENSOR_MODEL 293 56 44 104 0. 0. 0.242188 0.051514 -0.006592 2.904053 0. 0. 0. -0.027588 0.013672 -0.012695 0.013672 0.142578 -9.818359
3.172 6 WP_MOVED_ENU 1 -637 30720 16640
3.246 6 FINKEN_SENSOR_MODEL 293 56 44 103 0. 0. 0.242188 0.051514 -0.006592 2.903076 0. 0. 0. -0.026367 0.013672 -0.010498 0.041992 0.02832 -9.841797
3.614 6 ALIVE 200,125,168,22,34,53,61,96,85,248,81,176,59,195,91,18
3.691 6 FINKEN_SENSOR_MODEL 293 56 44 103 0. 0. 0.242188 0.051514 -0.006348 2.897705 0. 0. 0. -0.023193 0.011475 -0.011475 0.070312 0.089844 -9.879883
3.713 6 ROTORCRAFT_STATUS 0 181 0 45 0 0 0 0 0 0 123 440
3.790 6 FINKEN_SENSOR_MODEL 293 56 44 102 0. 0. 0.242188 0.051758 -0.006348 2.896729 0. 0. 0. -0.025391 0.014893 -0.011475 0.023438 0.066406 -9.779297
3.808 6 FINKEN_IR_ADC 0.24381 2470
3.886 6 FINKEN_SENSOR_MODEL 293 56 44 102 0. 0. 0.242188 0.051758 -0.006348 2.895752 0. 0. 0. -0.027588 0.011475 -0.013672 0.118164 0.123047 -9.851562
3.910 6 ROTORCRAFT_NAV_STATUS 128 128 120. 0. 1 2 3
3.966 6 LINK_REPORT 6 -1 4 0 2785 50 5 606. 12. 0 0.
4.045 6 BLOCK 0 6
4.213 6 FINKEN_SENSOR_MODEL 293 56 44 101 0. 0. 0.242188 0.051758 -0.006348 2.892578 0. 0. 0. -0.026367 0.015869 -0.013672 0.066406 0.056641 -9.875
4.301 6 FINKEN_SENSOR_MODEL 293 56 44 101 0. 0. 0.242188 0.051758 -0.006348 2.891602 0. 0. 0. -0.026367 0.014893 -0.011475 0.089844 0.089844 -9.836914
4.369 6 BLOCK 0 6
4.687 6 BLOCK 0 6
4.783 6 FINKEN_SENSOR_MODEL 292 56 44 101 0. 0. 0.242188 0.051758 -0.006104 2.886719 0. 0. 0. -0.026367 0.014893 -0.011475 0.023438 0.056641 -9.793945
4.796 6 FINKEN_IR_ADC 0.244381 2467
4.887 6 FINKEN_SENSOR_MODEL 292 56 44 101 0. 0. 0.242188 0.051758 -0.006104 2.885986 0. 0. 0. -0.026367 0.012695 -0.010498 0.056641 0.084961 -9.985352
4.912 6 ROTORCRAFT_NAV_STATUS 0 0 120. 0. 0 1 3
4.967 6 LINK_REPORT 6 -1 5 0 3114 56 10 329. 6. 3 0.
5.153 6 BLOCK 0 6
5.380 6 FINKEN_SENSOR_MODEL 292 56 44 101 0. 0. 0.242188 0.051758 -0.005859 2.881104 0. 0. 0. -0.028564 0.011475 -0.011475 0.080078 0.02832 -9.750977
5.495 6 BLOCK 0 6
5.608 6 ALIVE 200,125,168,22,34,53,61,96,85,248,81,176,59,195,91,18
5.684 6 FINKEN_SENSOR_MODEL 292 110 44 101 0. 0. 0.242188 0.051758 -0.005859 2.878418 0. 0. 0. -0.025391 0.012695 -0.010498 0.056641 0.108398 -9.793945
5.713 6 ROTORCRAFT_STATUS 0 181 0 45 0 0 0 0 0 0 123 442
5.784 6 FINKEN_SENSOR_MODEL 292 146 44 101 0. 0. 0.242188 0.051758 -0.005859 2.877441 0. 0. 0. -0.026367 0.012695 -0.009521 0.046875 0.089844 -9.827148
5.798 6 FINKEN_IR_ADC 0.244 2469
5.836 6 BLOCK 0 6
5.968 6 LINK_REPORT 6 -1 6 0 3394 62 14 280. 6. 7 -1.44846331097e+12
6.186 6 BLOCK 0 6
6.543 6 BLOCK 0 6
6.678 6 FINKEN_SENSOR_MODEL 292 56 44 103 0. 0. 0.242188 0.051758 -0.005615 2.869385 0. 0. 0. -0.025391 0.012695 -0.013672 0.046875 0.089844 -9.932617
6.778 6 FINKEN_SENSOR_MODEL 292 56 44 103 0. 0. 0.242188 0.052002 -0.005615 2.868408 0. 0. 0. -0.024414 0.016846 -0.010498 0.02832 0.075195 -9.927734
6.788 6 FINKEN_IR_ADC 0.244762 2465
6.876 6 FINKEN_SENSOR_MODEL 292 56 44 103 0. 0. 0.242188 0.052002 -0.005615 2.867676 0. 0. 0. -0.029785 0.015869 -0.011475 0.037109 0.089844 -9.894531
6.890 6 BLOCK 0 6
6.968 6 LINK_REPORT 6 -1 7 0 3628 66 16 234. 4. 10 -1.44846331097e+12
7.250 6 BLOCK 0 6
7.399 6 FINKEN_ACTUATORS_MODEL -0.616192 2.774 0. 0.247368
7.473 6 FINKEN_SENSOR_MODEL 292 127 44 103 0. 0. 0.242188 0.051758 -0.005615 2.862793 0. 0. 0. -0.026367 0.012695 -0.011475 0.113281 0.066406 -9.813477
7.497 6 FINKEN_SYSTEM_SET_POINT 0.6 0. 0. 0.
7.576 6 FINKEN_SENSOR_MODEL 292 145 44 103 0. 0. 0.242188 0.051758 -0.005615 2.862061 0. 0. 0. -0.027588 0.014893 -0.009521 0.051758 0.003906 -9.84668
7.588 6 BLOCK 0 6
7.701 6 ROTORCRAFT_STATUS 0 181 0 46 0 0 0 0 0 0 123 444
7.776 6 FINKEN_SENSOR_MODEL 292 145 44 102 0. 0. 0.242188 0.051758 -0.005615 2.860352 0. 0. 0. -0.028564 0.013672 -0.008301 0.013672 0.075195 -9.774414
7.787 6 FINKEN_IR_ADC 0.244381 2467
7.872 6 FINKEN_SENSOR_MODEL 292 145 44 102 0. 0. 0.242188 0.052002 -0.005615 2.859619 0. 0. 0. -0.025391 0.013672 -0.011475 0.104492 0.104492 -9.808594
7.892 6 ROTORCRAFT_NAV_STATUS 3 3 120. 0. 0 1 3
7.945 6 BLOCK 0 6
7.967 6 LINK_REPORT 6 -1 8 0 4024 75 20 396. 9. 13 -1.44846331097e+12
8.118 6 FINKEN_SENSOR_MODEL 292 146 44 102 0. 0. 0.242188 0.051758 -0.005615 2.85791 0. 0. 0. -0.029785 0.013672 -0.013672 0.061523 0.075195 -9.813477
8.132 6 WP_MOVED_ENU 0 10529 10974 16640
8.214 6 FINKEN_SENSOR_MODEL 292 145 44 102 0. 0. 0.242188 0.051758 -0.005615 2.857178 0. 0. 0. -0.026367 0.011475 -0.013672 0.02832 -0.013672 -9.808594
8.254 6 INS_REF 463580755 10300661 436507982 434622299 12728900 236843 185000 99902.
8.286 6 BLOCK 0 6
8.469 6 FINKEN_SENSOR_MODEL 292 145 44 102 0. 0. 0.242188 0.051758 -0.005615 2.854736 0. 0. 0. -0.026367 0.015869 -0.008301 0.041992 0.041992 -9.870117
8.570 6 FINKEN_SENSOR_MODEL 292 145 44 102 0. 0. 0.242188 0.051758 -0.005615 2.85376 0. 0. 0. -0.028564 0.015869 -0.011475 0.113281 0.041992 -9.818359
8.651 6 BLOCK 0 6
8.782 6 FINKEN_IR_ADC 0.244952 2464
8.875 6 FINKEN_SENSOR_MODEL 292 145 44 102 0. 0. 0.242188 0.051514 -0.005615 2.851562 0. 0. 0. -0.026367 0.012695 -0.009521 0.056641 0.033203 -9.904297
8.889 6 ROTORCRAFT_NAV_STATUS 4 4 120. 0. 0 1 3
8.961 6 BLOCK 0 6
8.969 6 LINK_REPORT 6 -1 9 0 4484 84 23 460. 9. 16 -1.44846331097e+12
9.279 6 BLOCK 0 6
9.668 6 FINKEN_SENSOR_MODEL 293 145 44 102 0. 0. 0.242188 0.05127 -0.005615 2.845947 0. 0. 0. -0.025391 0.012695 -0.011475 0.084961 0.084961 -9.793945
9.690 6 ROTORCRAFT_STATUS 0 181 0 45 0 0 0 0 0 0 123 446
9.767 6 FINKEN_SENSOR_MODEL 293 145 44 102 0. 0. 0.242188 0.05127 -0.005615 2.844971 0. 0. 0. -0.025391 0.011475 -0.013672 0.018555 0.12793 -9.961914
9.783 6 FINKEN_IR_ADC 0.244952 2464
9.867 6 FINKEN_SENSOR_MODEL 293 145 44 102 0. 0. 0.242188 0.05127 -0.005615 2.844238 0. 0. 0. -0.026367 0.009521 -0.008301 0.161133 0.075195 -9.827148
9.888 6 ROTORCRAFT_NAV_STATUS 5 5 120. 0. 0 1 3
9.966 6 FINKEN_SENSOR_MODEL 293 109 44 102 0. 0. 0.242188 0.05127 -0.005615 2.843506 0. 0. 0. -0.026367 0.015869 -0.012695 0.12793 0.075195 -9.84668
9.969 6 LINK_REPORT 6 -1 10 0 4836 91 26 352. 7. 17 -1.44846331097e+12
10.031 6 ROTORCRAFT_FP 0 0 -385 0 0 -12186 -23 210 11645 -637 30720 -703 11478 0 44
10.110 6 FINKEN_SENSOR_MODEL 293 56 44 102 0. 0. 0.242188 0.05127 -0.005615 2.842773 0. 0. 0. -0.027588 0.015869 -0.010498 0.084961 0.113281 -9.827148
10.184 6 FINKEN_SENSOR_MODEL 293 109 44 102 0. 0. 0.242188 0.051025 -0.005615 2.842285 0. 0. 0. -0.024414 0.008301 -0.011475 0.070312 0.075195 -9.808594
10.264 6 FINKEN_SENSOR_MODEL 293 145 44 102 0. 0. 0.242188 0.051025 -0.005615 2.841553 0. 0. 0. -0.023193 0.013672 -0.012695 0.061523 0.099609 -9.827148
10.275 6 DL_VALUE 27 0.5
10.361 6 FINKEN_SENSOR_MODEL 293 145 44 102 0. 0. 0.242188 0.051025 -0.005615 2.840576 0. 0. 0. -0.028564 0.013672 -0.013672 0.033203 0.061523 -9.803711
10.385 6 FINKEN_ACTUATORS_MODEL -0.657001 2.774 0. 0.247368
10.465 6 FINKEN_SENSOR_MODEL 293 146 44 102 0. 0. 0.242188 0.051025 -0.005615 2.839844 0. 0. 0. -0.027588 0.018066 -0.011475 0.003906 0.089844 -9.708008
10.859 6 FINKEN_SENSOR_MODEL 293 56 44 102 0. 0. 0.242188 0.051025 -0.005615 2.837158 0. 0. 0. -0.028564 0.013672 -0.011475 0.051758 0.061523 -9.793945
10.882 6 ROTORCRAFT_NAV_STATUS 6 6 120. 0. 0 1 3
10.959 6 FINKEN_SENSOR_MODEL 293 109 44 102 0. 0. 0.242188 0.050781 -0.005615 2.83667 0. 0. 0. -0.026367 0.012695 -0.012695 0.041992 0.071289 -9.78418
10.970 6 LINK_REPORT 6 -1 11 0 5472 102 28 636. 11. 18 -1.44846331597e+12
11.027 6 ROTORCRAFT_FP 0 0 -327 0 0 80297 -23 208 11617 -637 30720 -703 11478 0 44
11.181 6 FINKEN_SENSOR_MODEL 293 91 44 101 0. 0. 0.242188 0.050781 -0.005615 2.835449 0. 0. 0. -0.023193 0.014893 -0.010498 0.089844 0.02832 -9.961914
11.260 6 FINKEN_SENSOR_MODEL 292 56 44 101 0. 0. 0.242188 0.050781 -0.005615 2.834717 0. 0. 0. -0.028564 0.012695 -0.010498 0.056641 0.066406 -9.770508
11.365 6 FINKEN_SENSOR_MODEL 292 56 44 101 0. 0. 0.242188 0.050781 -0.005615 2.833984 0. 0. 0. -0.024414 0.013672 -0.012695 0.123047 0.013672 -9.818359
11.460 6 FINKEN_SENSOR_MODEL 292 56 44 102 0. 0. 0.242188 0.050781 -0.005615 2.833496 0. 0. 0. -0.024414 0.011475 -0.011475 0.051758 0.046875 -9.90918
11.563 6 FINKEN_SENSOR_MODEL 292 56 44 102 0. 0. 0.242188 0.050781 -0.005615 2.832764 0. 0. 0. -0.031738 0.027588 -0.015869 0.056641 0.217773 -9.587891
11.579 6 ALIVE 200,125,168,22,34,53,61,96,85,248,81,176,59,195,91,18
11.658 6 FINKEN_SENSOR_MODEL 292 56 44 102 0. 0. 0.242188 0.051025 -0.005859 2.833252 0. 0. 0. -0.074463 -0.026367 -0.0979 0.289062 0.213867 -9.549805
11.684 6 ROTORCRAFT_STATUS 0 32 0 46 0 13 0 1 4 5 123 448
11.760 6 FINKEN_SENSOR_MODEL 293 56 44 102 0. 0. 0.242188 0.05127 -0.005371 2.833252 0. 0. 0. -0.052002 -0.015869 -0.000977 -0.141602 2.115234 -8.985352
11.773 6 FINKEN_IR_ADC 0.24381 2470
11.856 6 FINKEN_SENSOR_MODEL 292 74 44 102 0. 0. 0.242188 0.051514 -0.006592 2.83252 0. 0. 0. -0.102051 0.065918 0.009521 0.023438 -0.189453 -9.635742
11.879 6 ROTORCRAFT_NAV_STATUS 7 7 120. 0. 0 1 3
11.955 6 FINKEN_SENSOR_MODEL 292 128 44 102 0. 0. 0.242188 0.051514 -0.005859 2.832275 0. 0. 0. -0.026367 0.00415 -0.047852 -0.612305 0.855469 -9.506836
11.970 6 LINK_REPORT 6 -1 12 0 6281 116 28 809. 14. 18 -1.44846331597e+12
12.023 6 ROTORCRAFT_FP 0 0 -415 0 0 -125908 -26 209 11599 -637 30720 -415 11478 -1318 44
12.043 6 WIND_INFO 6 42 0. 0. 0.
12.253 6 FINKEN_SENSOR_MODEL 293 146 44 103 0. 0. 0.242188 0.05127 -0.005371 2.830811 0. 0. 0. 0.047852 -0.02002 0.040283 0.061523 0.40332 -9.511719
12.356 6 FINKEN_SENSOR_MODEL 293 146 44 103 0. 0. 0.242188 0.051758 -0.006104 2.830078 0. 0. 0. -0.101074 0.106201 -0.032959 -0.118164 0.327148 -9.200195
12.452 6 FINKEN_SENSOR_MODEL 293 128 44 103 0. 0. 0.242188 0.05127 -0.005615 2.829834 0. 0. 0. -0.024414 -0.04248 0.008301 -0.50293 0.912109 -9.501953
12.653 6 FINKEN_SENSOR_MODEL 292 57 44 102 0. 0. 0.242188 0.051025 -0.005371 2.828613 0. 0. 0. 0.011475 -0.008301 0.00415 0.90625 0.375 -11.291992
12.753 6 FINKEN_SENSOR_MODEL 292 57 44 103 0. 0. 0.242188 0.05127 -0.005615 2.828125 0. 0. 0. 0.012695 0.008301 -0.016846 -0.061523 -0.541016 -8.683594
12.764 6 FINKEN_IR_ADC 0.243048 2474
12.970 6 LINK_REPORT 6 -1 13 0 6727 123 30 446. 7. 19 -1.44846331597e+12
13.022 6 ROTORCRAFT_FP 0 0 -469 0 0 -91731 -27 213 11580 -637 30720 -469 11478 -1318 44
13.064 6 INS 0 0 469 0 0 94149 370 -1061 1320
13.085 6 WP_MOVED_ENU 1 -637 30720 16640
13.165 6 FINKEN_SENSOR_MODEL 292 145 44 104 0. 0. 0.242188 0.05127 -0.006104 2.82666 0. 0. 0. 0.025391 -0.132812 -0.013672 -0.204102 0.094727 -9.200195
13.286 6 DL_VALUE 28 -0.8
13.394 6 FINKEN_ACTUATORS_MODEL -0.528085 2.774 0. 0.247368
13.696 6 ROTORCRAFT_STATUS 0 31 0 45 0 13 0 1 4 5 123 450
13.971 6 LINK_REPORT 6 -1 14 0 6982 130 36 255. 7. 19 -1.44846331597e+12
14.646 6 FINKEN_SENSOR_MODEL 293 109 44 104 0. 0. 0.242188 0.049561 -0.005859 2.81958 0. 0. 0. -0.051025 -0.013672 -0.014893 -0.227539 -1.197266 -10.09082
14.971 6 LINK_REPORT 6 -1 15 0 7056 131 39 74. 1. 19 -1.44846331597e+12
15.245 6 FINKEN_SENSOR_MODEL 293 88 44 104 0. 0. 0.207031 0.035889 0.041748 2.830078 0. 0. 0. -0.143555 1.066162 0.064697 -0.683594 0.260742 -12.522461
15.344 6 FINKEN_SENSOR_MODEL 293 50 45 104 0. 0. 0.207031 -0.011719 0.061523 2.833252 0. 0. 0. 0.057373 -0.620361 0.025391 -0.801758 0.24707 -13.647461
15.443 6 FINKEN_SENSOR_MODEL 295 108 47 103 0. 0. 0.207031 0.020996 0.05835 2.844238 0. 0. 0. 0.20752 -0.643799 0.046631 0.137695 0.550781 -9.894531
15.745 6 FINKEN_SENSOR_MODEL 299 143 142 96 0. 0. 0.3125 0.010498 -0.121582 2.851807 0. 0. 0. -2.46875 -0.20752 -0.000977 -0.279297 -0.394531 -8.702148
15.757 6 FINKEN_IR_ADC 0.383238 1738
15.843 6 FINKEN_SENSOR_MODEL 299 140 143 93 0. 0. 0.382812 0.010742 -0.216797 2.853516 0. 0. 0. -1.047119 -0.238281 0.02002 -0.90625 0.02832 -7.06543
15.861 6 ROTORCRAFT_NAV_STATUS 0 0 120. 0. 1 2 3
15.943 6 FINKEN_SENSOR_MODEL 299 139 82 92 0. 0. 0.449219 0.008301 -0.236572 2.859131 0. 0. 0. 1.192871 0.065918 0.025391 0.640625 0.34668 -7.251953
15.971 6 LINK_REPORT 6 -1 16 0 7533 139 42 477. 8. 20 -1.44846332097e+12
16.007 6 ROTORCRAFT_FP 0 0 -562 0 0 -146820 -562 -36 11755 -637 30720 -562 11545 2694 44
16.085 6 FINKEN_SENSOR_MODEL 299 137 42 91 0. 0. 0.476562 -0.008789 -0.137207 2.869873 0. 0. 0. 0.320312 -0.060547 -0.186035 -0.87793 0.222656 -7.271484
16.161 6 FINKEN_SENSOR_MODEL 299 136 44 91 0. 0. 0.464844 -0.01001 -0.024658 2.867188 0. 0. 0. 2.845459 -0.123291 -0.067871 0.87793 0.037109 -9.008789
16.240 6 FINKEN_SENSOR_MODEL 299 137 46 91 0. 0. 0.410156 -0.001709 0.185547 2.86792 0. 0. 0. 0.600098 0.076416 -0.008301 0.099609 -0.008789 -9.386719
16.253 6 DL_VALUE 29 650.
16.339 6 FINKEN_SENSOR_MODEL 299 138 104 91 0. 0. 0.363281 0.008057 0.222168 2.875 0. 0. 0. -1.588623 0.300049 0.012695 0.512695 0.698242 -10.301758
16.376 6 FINKEN_ACTUATORS_MODEL -1.559592 6.119678 0. 0.295973
16.636 6 FINKEN_SENSOR_MODEL 299 52 143 93 0. 0. 0.207031 0.038086 -0.198486 2.883057 0. 0. 0. -1.307861 -0.006348 -0.057373 0.075195 -0.451172 -12.584961
16.737 6 FINKEN_SENSOR_MODEL 297 66 143 94 0. 0. 0.207031 0.045166 -0.254883 2.876953 0. 0. 0. -0.067871 0.139404 -0.083008 -0.260742 0.351562 -11.029297
16.752 6 FINKEN_IR_ADC 0.20381 2680
16.835 6 FINKEN_SENSOR_MODEL 295 114 127 95 0. 0. 0.203125 0.044678 -0.26123 2.869629 0. 0. 0. 0.142578 0.054199 -0.137207 0.023438 -0.555664 -10.626953
16.860 6 ROTORCRAFT_NAV_STATUS 1 1 120. 0. 1 2 3
16.971 6 LINK_REPORT 6 -1 17 0 8181 151 43 648. 12. 20 -1.44846332097e+12
17.082 6 FINKEN_SENSOR_MODEL 291 133 60 98 0. 0. 0.265625 0.047852 0.006836 2.861572 0. 0. 0. 0.306396 0.001953 -0.090332 -1.424805 0.926758 -9.018555
17.567 6 ALIVE 200,125,168,22,34,53,61,96,85,248,81,176,59,195,91,18
17.645 6 FINKEN_SENSOR_MODEL 276 56 119 111 0. 0. 0.207031 0.059814 -0.173828 2.88623 0. 0. 0. -1.336426 0.112793 -0.056396 0.892578 0.427734 -11.253906
17.665 6 ROTORCRAFT_STATUS 0 198 0 45 0 13 1 1 4 5 119 454
17.744 6 FINKEN_SENSOR_MODEL 257 77 119 113 0. 0. 0.207031 0.067871 -0.226318 2.882568 0. 0. 0. 0.551025 0.227539 -0.09668 0.146484 0.427734 -11.311523
17.755 6 FINKEN_IR_ADC 0.2 2731
17.836 6 FINKEN_SENSOR_MODEL 245 124 104 116 0. 0. 0.207031 0.070068 -0.229248 2.875732 0. 0. 0. 0.320312 0.052979 -0.065918 0.383789 0.456055 -9.808594
17.861 6 ROTORCRAFT_NAV_STATUS 2 2 120. 0. 1 2 3
17.938 6 FINKEN_SENSOR_MODEL 147 141 59 118 0. 0. 0.210938 0.076172 0.002686 2.876709 0. 0. 0. 2.802002 -0.060547 -0.197754 0.911133 -0.293945 -9.793945
17.971 6 LINK_REPORT 6 -1 18 0 8630 160 45 449. 9. 20 -1.44846332097e+12
18.004 6 ROTORCRAFT_FP 0 0 -482 0 0 114436 605 329 11789 -637 30720 -482 11545 3300 46
18.048 6 INS 0 0 482 0 0 -112760 79 -1908 877
18.069 6 WP_MOVED_ENU 0 10529 10974 16640
18.148 6 FINKEN_SENSOR_MODEL 192 130 101 122 0. 0. 0.246094 0.098389 0.189453 2.880127 0. 0. 0. 0.529785 1.198242 -0.024414 -0.545898 1.463867 -9.995117
18.186 6 INS_REF 463580755 10300661 436507982 434622299 12728900 236843 185000 99902.
18.264 6 FINKEN_SENSOR_MODEL 266 86 115 122 0. 0. 0.28125 0.213623 0.256592 2.891357 0. 0. 0. -0.279785 0.239258 -0.093506 -1.585938 -0.037109 -8.688477
18.342 6 FINKEN_SENSOR_MODEL 266 71 112 123 0. 0. 0.300781 0.19873 0.173584 2.883789 0. 0. 0. -4.276855 -2.198486 -0.076416 0.583984 -0.646484 -7.702148
18.430 6 FINKEN_SENSOR_MODEL 267 71 112 122 0. 0. 0.296875 0.015869 -0.128662 2.87793 0. 0. 0. -0.758545 -0.371338 -0.153076 0.013672 -1.079102 -9.578125
18.531 6 FINKEN_SENSOR_MODEL 222 101 113 122 0. 0. 0.289062 -0.032471 -0.250732 2.875977 0. 0. 0. 0.319092 0.223389 -0.022217 2.18457 0.217773 -10.536133
18.631 6 FINKEN_SENSOR_MODEL 192 148 85 120 0. 0. 0.28125 -0.009033 -0.26001 2.869141 0. 0. 0. -0.325439 -0.101074 -0.001953 -0.541016 0.151367 -10.258789
18.729 6 FINKEN_SENSOR_MODEL 127 149 44 120 0. 0. 0.261719 0.01709 -0.03418 2.870605 0. 0. 0. 3.983154 0.338379 -0.210693 0.099609 -1.830078 -10.110352
18.756 6 FINKEN_IR_ADC 0.232571 2529
18.832 6 FINKEN_SENSOR_MODEL 84 151 72 118 0. 0. 0.230469 0.026123 0.158447 2.87085 0. 0. 0. 1.842041 0.237305 0.012695 -0.265625 -0.237305 -10.823242
18.863 6 ROTORCRAFT_NAV_STATUS 3 3 120. 0. 1 2 3
18.937 6 FINKEN_SENSOR_MODEL 84 118 114 118 0. 0. 0.214844 0.121826 0.246094 2.878662 0. 0. 0. 0.218994 1.505615 -0.227539 -0.431641 -0.84082 -10.301758
18.972 6 LINK_REPORT 6 -1 19 0 9492 175 45 862. 15. 20 -1.44846332097e+12
19.009 6 ROTORCRAFT_FP 0 0 -547 0 0 -43288 1116 775 11796 -637 30720 -547 11545 3458 47
19.085 6 FINKEN_SENSOR_MODEL 85 70 112 117 0. 0. 0.226562 0.183838 0.274658 2.87915 0. 0. 0. -0.17749 0.395752 -0.045654 -2.189453 -1.192383 -10.483398
19.255 6 DL_VALUE 30 300.
19.330 6 FINKEN_SENSOR_MODEL 240 102 114 114 0. 0. 0.261719 0.102539 -0.253174 2.875488 0. 0. 0. 0.218994 -0.36377 -0.061523 1.458008 0.398438 -9.171875
19.365 6 FINKEN_ACTUATORS_MODEL -10.154058 15. 0. 0.259687
19.567 6 ALIVE 200,125,168,22,34,53,61,96,85,248,81,176,59,195,91,18
19.757 6 FINKEN_IR_ADC 0.24819 2447
19.833 6 FINKEN_SENSOR_MODEL 297 145 84 95 0. 0. 0.246094 -0.082764 0.271484 2.888184 0. 0. 0. -0.070068 -0.086182 0. 0.550781 0.916992 -10.31543
19.861 6 ROTORCRAFT_NAV_STATUS 4 4 120. 0. 1 2 3
19.940 6 FINKEN_SENSOR_MODEL 297 106 132 92 0. 0. 0.238281 -0.04834 0.113281 2.891846 0. 0. 0. -2.346436 0.181885 0.098877 -0.212891 -0.560547 -10.541016
19.972 6 LINK_REPORT 6 -1 20 0 9941 185 48 449. 10. 20 -1.44846332097e+12
20.005 6 ROTORCRAFT_FP 0 0 -562 0 0 2252 -47 -154 11858 -637 30720 -562 11545 3680 48
20.126 6 FINKEN_SENSOR_MODEL 297 94 140 88 0. 0. 0.210938 -0.034424 -0.053223 2.89624 0. 0. 0. -1.024658 0.036133 -0.045654 -1.287109 -2.415039 -11.570312
20.621 6 FINKEN_SENSOR_MODEL 200 96 144 96 0. 0. 0.296875 0.024902 0.036377 2.897949 0. 0. 0. 0.166016 0.119141 -0.054199 -0.688477 -0.831055 -9.46875
20.721 6 FINKEN_SENSOR_MODEL 130 90 179 99 0. 0. 0.289062 0.044922 -0.032959 2.897949 0. 0. 0. -0.368164 0.142578 0.008301 0.62207 -0.398438 -9.166992
20.869 6 ROTORCRAFT_NAV_STATUS 5 5 120. 0. 1 2 3
20.972 6 LINK_REPORT 6 -1 21 0 10248 190 51 307. 5. 21 -1.44846332597e+12
21.218 6 FINKEN_SENSOR_MODEL 88 64 210 115 0. 0. 0.289062 0.222168 -0.084473 2.893555 0. 0. 0. 0.014893 0.589355 -0.016846 0.365234 -0.041992 -10.646484
21.319 6 FINKEN_SENSOR_MODEL 86 59 214 117 0. 0. 0.285156 0.238281 -0.085938 2.891602 0. 0. 0. -0.163818 -0.61499 -0.099854 -0.484375 0.075195 -9.305664
21.420 6 FINKEN_SENSOR_MODEL 122 56 218 120 0. 0. 0.285156 0.191406 -0.097168 2.891357 0. 0. 0. -0.083008 -0.022217 -0.073242 -0.711914 0.341797 -9.482422
21.519 6 FINKEN_SENSOR_MODEL 177 53 221 119 0. 0. 0.28125 0.138916 -0.098877 2.890381 0. 0. 0. 0.048828 -1.230225 -0.171143 0.084961 -0.527344 -10.038086
21.572 6 ALIVE 200,125,168,22,34,53,61,96,85,248,81,176,59,195,91,18
21.641 6 FINKEN_SENSOR_MODEL 139 50 222 119 0. 0. 0.273438 0.055176 -0.089111 2.887939 0. 0. 0. -0.04248 -0.241455 -0.11377 0.118164 -0.033203 -9.870117
21.667 6 ROTORCRAFT_STATUS 0 210 0 45 0 13 1 1 4 5 119 458
21.744 6 FINKEN_SENSOR_MODEL 84 50 223 117 0. 0. 0.269531 0.003662 -0.078857 2.887207 0. 0. 0. 0.193604 -0.735352 -0.137207 -1.329102 -0.822266 -10.214844
21.757 6 FINKEN_IR_ADC 0.27181 2323
21.833 6 FINKEN_SENSOR_MODEL 85 50 223 116 0. 0. 0.269531 -0.030273 -0.071045 2.885254 0. 0. 0. 0.013672 -0.192383 -0.052002 1.733398 0.902344 -10.516602
21.863 6 ROTORCRAFT_NAV_STATUS 6 6 120. 0. 1 2 3
21.937 6 FINKEN_SENSOR_MODEL 88 53 222 114 0. 0. 0.273438 0.049316 -0.053955 2.884277 0. 0. 0. 0.153076 2.188965 0.043457 -1.291016 -1.744141 -10.057617
21.972 6 LINK_REPORT 6 -1 22 0 10919 202 52 671. 12. 21 -1.44846332597e+12
22.008 6 ROTORCRAFT_FP 0 0 -558 0 0 -58430 -163 641 11816 -637 30720 -558 11545 3444 50
22.044 6 WIND_INFO 6 42 0. 0. 0.
22.314 6 FINKEN_SENSOR_MODEL 104 64 214 105 0. 0. 0.308594 0.073975 -0.004883 2.884277 0. 0. 0. 0.030762 -0.120117 -0.052979 0.046875 -0.507812 -9.511719
22.326 6 DL_VALUE 31 0.
22.422 6 FINKEN_SENSOR_MODEL 106 67 209 101 0. 0. 0.3125 0.044678 0.004395 2.885254 0. 0. 0. 0.051025 -0.240479 -0.040283 0.061523 -0.084961 -9.386719
22.436 6 FINKEN_ACTUATORS_MODEL -11.411592 0.234342 0. 0.267947
22.516 6 FINKEN_SENSOR_MODEL 109 73 206 95 0. 0. 0.316406 0.005615 0.008545 2.885498 0. 0. 0. 0.148926 -1.579102 -0.024414 0.526367 -0.351562 -8.587891
22.540 6 FINKEN_SYSTEM_SET_POINT 0.6 0. 0. 0.
22.811 6 FINKEN_SENSOR_MODEL 164 45 199 83 0. 0. 0.296875 -0.101562 0.036865 2.885986 0. 0. 0. 0.103027 -0.180908 0.028564 0.987305 1.069336 -9.793945
22.824 6 FINKEN_IR_ADC 0.296952 2191
22.913 6 FINKEN_SENSOR_MODEL 124 78 198 80 0. 0. 0.3125 -0.070068 -0.050781 2.883789 0. 0. 0. -2.343262 0.401123 0.008301 0.702148 -0.84082 -10.545898
22.932 6 ROTORCRAFT_NAV_STATUS 7 7 120. 0. 1 2 3
22.973 6 LINK_REPORT 6 -1 23 0 11441 213 54 522. 11. 22 -1.44846332597e+12
23.156 6 WP_MOVED_ENU 1 -637 30720 16640
23.231 6 FINKEN_SENSOR_MODEL 124 97 118 80 0. 0. 0.304688 -0.02002 0.114746 2.885742 0. 0. 0. 1.73877 -0.000977 0.02002 0.697266 2.219727 -10.382812
23.267 6 INS_REF 463580755 10300661 436507982 434622299 12728900 236843 185000 99902.
23.610 6 FINKEN_SENSOR_MODEL 110 109 182 92 0. 0. 0.316406 0.040771 0.069824 2.908691 0. 0. 0. 0.02002 0.041504 0.051025 1.59082 0.988281 -10.076172
23.634 6 ALIVE 200,125,168,22,34,53,61,96,85,248,81,176,59,195,91,18
23.710 6 FINKEN_SENSOR_MODEL 108 110 182 97 0. 0. 0.316406 0.05542 0.054932 2.913086 0. 0. 0. -0.306396 0.257324 0.011475 -1.101562 -0.759766 -9.272461
23.735 6 ROTORCRAFT_STATUS 0 210 0 45 0 13 1 1 4 5 119 460
23.813 6 FINKEN_SENSOR_MODEL 212 109 183 101 0. 0. 0.316406 0.072266 0.040527 2.91626 0. 0. 0. -0.125488 0.030762 -0.008301 -2.056641 0.351562 -10.057617
23.823 6 FINKEN_IR_ADC 0.319238 2074
23.908 6 FINKEN_SENSOR_MODEL 282 109 184 107 0. 0. 0.316406 0.085449 0.022461 2.918701 0. 0. 0. -0.240479 0.199951 0.026367 -1.040039 0.46582 -9.866211
23.930 6 ROTORCRAFT_NAV_STATUS 8 8 120. 0. 1 2 3
23.973 6 LINK_REPORT 6 -1 24 0 11947 224 56 506. 11. 22 -1.44846332597e+12
24.010 6 FINKEN_SENSOR_MODEL 274 107 187 112 0. 0. 0.328125 0.096191 0.009521 2.921143 0. 0. 0. -0.125488 0.070068 -0.00415 -1.300781 0.175781 -9.066406
24.115 6 FINKEN_SENSOR_MODEL 268 105 154 118 0. 0. 0.335938 0.107178 -0.000488 2.922119 0. 0. 0. -0.19043 0.149902 -0.009521 -0.607422 0.170898 -9.166992
24.412 6 FINKEN_SENSOR_MODEL 111 94 205 135 0. 0. 0.3125 0.10791 -0.029053 2.926025 0. 0. 0. -0.103027 -0.005127 -0.046631 -0.464844 -0.008789 -10.646484
24.705 6 FINKEN_SENSOR_MODEL 212 82 158 143 0. 0. 0.316406 0.062256 -0.054443 2.925049 0. 0. 0. -0.186035 -0.141357 -0.036133 -1.305664 0.099609 -10.244141
24.805 6 FINKEN_SENSOR_MODEL 104 79 217 144 0. 0. 0.320312 0.053467 -0.068115 2.924316 0. 0. 0. -0.001953 -0.045654 -0.02002 1.547852 1.188477 -9.889648
24.973 6 LINK_REPORT 6 -1 25 0 12317 229 58 370. 5. 22 -1.44846332597e+12
25.525 6 FINKEN_SYSTEM_SET_POINT 0.6 0. 0. 0.
25.602 6 FINKEN_SENSOR_MODEL 155 64 135 153 0. 0. 0.339844 0.030029 -0.043457 2.918945 0. 0. 0. -0.046631 -0.141357 -0.04248 1.040039 0.417969 -10.435547
25.628 6 ALIVE 200,125,168,22,34,53,61,96,85,248,81,176,59,195,91,18
25.702 6 FINKEN_SENSOR_MODEL 137 64 135 153 0. 0. 0.34375 0.002686 -0.040527 2.917236 0. 0. 0. 0.123291 0.010498 -0.037109 -1.015625 0.479492 -10.674805
25.727 6 ROTORCRAFT_STATUS 0 210 0 45 0 13 1 1 4 5 119 462
25.803 6 FINKEN_SENSOR_MODEL 83 65 135 154 0. 0. 0.34375 0.023438 -0.036621 2.91626 0. 0. 0. 0.070068 -0.094482 -0.026367 -1.466797 -0.170898 -9.089844
25.817 6 FINKEN_IR_ADC 0.347048 1928
25.974 6 LINK_REPORT 6 -1 26 0 12619 236 59 302. 7. 23 -1.44846333097e+12
26.068 6 ROTORCRAFT_FP 0 0 -654 0 0 -100897 -71 483 11942 -637 30720 -654 11545 3514 54
26.147 6 FINKEN_SENSOR_MODEL 140 69 216 152 0. 0. 0.355469 0.175537 -0.009033 2.915771 0. 0. 0. 0.072266 1.123779 -0.013672 -1.675781 -1.021484 -10.114258
26.223 6 FINKEN_SENSOR_MODEL 250 70 214 153 0. 0. 0.355469 0.226562 -0.004639 2.917236 0. 0. 0. -0.003174 0.278809 -0.029785 0.336914 -0.161133 -9.717773
26.602 6 FINKEN_SENSOR_MODEL 75 78 189 148 0. 0. 0.363281 -0.057373 0.009521 2.910889 0. 0. 0. 0.030762 -0.039307 -0.011475 -1.111328 0.517578 -9.851562
26.699 6 FINKEN_SENSOR_MODEL 75 80 136 146 0. 0. 0.367188 -0.005859 0.009766 2.9104 0. 0. 0. 0.028564 0.702148 -0.025391 0.066406 0.084961 -9.678711
26.799 6 FINKEN_SENSOR_MODEL 77 83 135 142 0. 0. 0.375 0.049561 0.013672 2.911865 0. 0. 0. -0.019043 0.434082 -0.00415 0.474609 0.217773 -9.779297
26.813 6 FINKEN_IR_ADC 0.378667 1762
26.898 6 FINKEN_SENSOR_MODEL 78 84 183 136 0. 0. 0.378906 0.101562 0.017578 2.912354 0. 0. 0. 0.060547 1.361084 -0.029785 -0.260742 0.118164 -10.53125
26.918 6 ROTORCRAFT_NAV_STATUS 11 11 120. 0. 1 2 3
26.975 6 LINK_REPORT 6 -1 27 0 13160 245 61 541. 9. 23 -1.44846333097e+12
26.997 6 FINKEN_SENSOR_MODEL 81 84 199 136 0. 0. 0.382812 0.193359 0.019043 2.913574 0. 0. 0. 0.027588 0.149902 -0.064697 -0.745117 0.18457 -10.249023
27.063 6 ROTORCRAFT_FP 0 0 -539 0 0 147619 89 829 11934 -637 30720 -539 11545 3516 55
27.144 6 FINKEN_SENSOR_MODEL 153 85 198 137 0. 0. 0.386719 0.189209 0.018311 2.912598 0. 0. 0. -0.141357 -0.933105 -0.052979 -0.474609 -0.993164 -9.492188
27.696 6 FINKEN_SENSOR_MODEL 89 83 194 129 0. 0. 0.394531 0.013428 -0.001953 2.912354 0. 0. 0. -0.127686 0.832031 -0.016846 -0.664062 0.974609 -10.071289
27.719 6 ROTORCRAFT_STATUS 0 210 0 45 0 13 1 1 4 5 119 464
27.798 6 FINKEN_SENSOR_MODEL 90 85 194 127 0. 0. 0.398438 0.137695 -0.018066 2.914062 0. 0. 0. -0.081787 0.494629 -0.012695 -0.118164 -0.993164 -8.956055
27.808 6 FINKEN_IR_ADC 0.4008 1648
27.896 6 FINKEN_SENSOR_MODEL 201 85 195 127 0. 0. 0.402344 0.157471 -0.022217 2.914551 0. 0. 0. -0.084961 -0.161621 -0.048828 0.764648 0.199219 -9.861328
27.914 6 ROTORCRAFT_NAV_STATUS 12 12 120. 0. 1 2 3
27.976 6 LINK_REPORT 6 -1 28 0 13650 254 64 490. 9. 23 -1.44846333097e+12
27.992 6 FINKEN_SENSOR_MODEL 275 83 196 126 0. 0. 0.40625 0.114258 -0.020264 2.914307 0. 0. 0. -0.087158 -0.049805 -0.054199 -0.678711 -1.021484 -9.822266
28.059 6 ROTORCRAFT_FP 0 0 -501 0 0 87510 -97 464 11935 -637 30720 -501 11545 3517 56
28.138 6 FINKEN_SENSOR_MODEL 277 82 197 126 0. 0. 0.40625 0.052734 -0.019287 2.914307 0. 0. 0. 0.116943 -1.689941 -0.061523 1.609375 0.665039 -9.975586
28.154 6 WP_MOVED_ENU 0 10529 10974 16640
28.232 6 FINKEN_SENSOR_MODEL 279 82 198 124 0. 0. 0.402344 -0.029785 -0.020264 2.912598 0. 0. 0. 0.019043 -0.163818 -0.019043 0.726562 0.170898 -9.521484
28.275 6 INS_REF 463580755 10300661 436507982 434622299 12728900 236843 185000 99902.
28.284 6 DL_VALUE 33 650.
28.391 6 FINKEN_SENSOR_MODEL 284 82 199 120 0. 0. 0.398438 -0.008789 -0.023438 2.907471 0. 0. 0. 0.022217 -0.034912 -0.051025 -0.806641 -0.303711 -9.917969
28.412 6 FINKEN_ACTUATORS_MODEL -0.850625 -1.580704 0. 0.279319
28.493 6 FINKEN_SENSOR_MODEL 172 74 199 118 0. 0. 0.398438 0.027344 -0.02124 2.903809 0. 0. 0. -0.056396 0.253174 -0.05835 0.507812 0.484375 -9.995117
28.515 6 FINKEN_SYSTEM_SET_POINT 0.6 0. 0. 0.
28.593 6 FINKEN_SENSOR_MODEL 98 64 199 115 0. 0. 0.398438 0.0354 -0.019287 2.900879 0. 0. 0. -0.07959 0.243652 -0.062744 -0.522461 -0.356445 -9.803711
28.693 6 FINKEN_SENSOR_MODEL 98 70 200 114 0. 0. 0.398438 0.047852 -0.023926 2.897217 0. 0. 0. -0.323486 0.627686 -0.024414 0.204102 1.27832 -10.760742
28.794 6 FINKEN_SENSOR_MODEL 98 81 199 113 0. 0. 0.402344 0.130615 -0.070312 2.893311 0. 0. 0. -0.160645 0.111572 -0.041504 -1.134766 -0.579102 -9.348633
28.802 6 FINKEN_IR_ADC 0.4032 1642
28.893 6 FINKEN_SENSOR_MODEL 99 80 199 113 0. 0. 0.402344 0.149658 -0.071045 2.889648 0. 0. 0. 0.553223 0.025391 -0.044678 1.37207 0.517578 -9.875
28.912 6 ROTORCRAFT_NAV_STATUS 13 13 120. 0. 1 2 3
28.976 6 LINK_REPORT 6 -1 29 0 14525 271 64 875. 17. 23 -1.44846333097e+12
28.988 6 FINKEN_SENSOR_MODEL 101 79 199 111 0. 0. 0.398438 0.110596 -0.018311 2.888184 0. 0. 0. 0.111572 0.037109 -0.055176 -0.958984 -0.213867 -10.253906
29.054 6 ROTORCRAFT_FP 0 0 -471 0 0 95310 -26 464 11833 -637 30720 -471 11545 3585 57
29.133 6 FINKEN_SENSOR_MODEL 214 79 199 110 0. 0. 0.394531 0.090332 0.003662 2.888916 0. 0. 0. -0.02124 -0.508545 -0.047852 0.242188 0.351562 -9.875
29.209 6 FINKEN_SENSOR_MODEL 290 80 197 107 0. 0. 0.394531 0.074707 0.006592 2.890381 0. 0. 0. 0.143555 -0.148926 -0.028564 -0.731445 0.12793 -9.741211
29.286 6 FINKEN_SENSOR_MODEL 290 80 196 104 0. 0. 0.394531 0.00708 -0.000488 2.890381 0. 0. 0. -0.049805 -1.291748 -0.019043 -0.441406 0.142578 -9.353516
29.388 6 FINKEN_SENSOR_MODEL 254 81 196 101 0. 0. 0.390625 -0.060303 -0.005859 2.890137 0. 0. 0. -0.144531 -0.293701 -0.02002 -0.34668 -0.075195 -9.678711
29.488 6 FINKEN_SENSOR_MODEL 146 81 197 100 0. 0. 0.390625 -0.060791 -0.00415 2.891602 0. 0. 0. -0.115967 0.570312 0.005127 -0.678711 0.679688 -10.095703
29.586 6 FINKEN_SENSOR_MODEL 111 82 195 100 0. 0. 0.394531 -0.042236 -0.003662 2.891602 0. 0. 0. 0.087158 -0.019043 -0.025391 1.705078 0.603516 -10.09082
29.611 6 ALIVE 200,125,168,22,34,53,61,96,85,248,81,176,59,195,91,18
29.687 6 FINKEN_SENSOR_MODEL 111 82 194 98 0. 0. 0.390625 -0.022949 -0.009277 2.89209 0. 0. 0. 0.011475 0.220215 -0.003174 -1.201172 0.850586 -9.827148
29.710 6 ROTORCRAFT_STATUS 0 210 0 46 0 13 1 1 4 5 118 466
29.789 6 FINKEN_SENSOR_MODEL 112 83 193 93 0. 0. 0.386719 0.000244 -0.007812 2.892822 0. 0. 0. -0.120117 0.208496 0. 0.421875 -0.293945 -10.105469
29.799 6 FINKEN_IR_ADC 0.389714 1704
29.886 6 FINKEN_SENSOR_MODEL 112 83 192 91 0. 0. 0.386719 0.007568 -0.006348 2.893799 0. 0. 0. -0.04248 0.011475 -0.030762 -0.408203 -0.432617 -10.047852
29.909 6 ROTORCRAFT_NAV_STATUS 14 14 120. 0. 1 2 3
29.976 6 LINK_REPORT 6 -1 30 0 15408 286 64 883. 15. 23 -1.44846333097e+12
29.985 6 FINKEN_SENSOR_MODEL 149 85 190 91 0. 0. 0.386719 0.01001 -0.008301 2.895264 0. 0. 0. 0.052002 -0.030762 -0.006348 1.172852 -0.275391 -9.894531
30.054 6 ROTORCRAFT_FP 0 0 -433 0 0 102396 -29 29 11864 -637 30720 -433 11545 3595 58
30.128 6 FINKEN_SENSOR_MODEL 260 86 190 91 0. 0. 0.386719 0.01001 -0.006104 2.897461 0. 0. 0. 0.057373 0.048828 0.029785 0.797852 0.755859 -9.660156
30.207 6 FINKEN_SENSOR_MODEL 297 88 188 92 0. 0. 0.382812 0.009766 -0.002441 2.898438 0. 0. 0. -0.069092 0.089355 -0.025391 0.50293 -0.260742 -10.038086
30.284 6 FINKEN_SENSOR_MODEL 296 89 188 93 0. 0. 0.375 0.018555 0.004395 2.900391 0. 0. 0. 0.070068 0.289307 -0.013672 -0.630859 -0.384766 -10.55957
30.681 6 FINKEN_SENSOR_MODEL 285 92 128 103 0. 0. 0.457031 0.061035 0.008057 2.907715 0. 0. 0. -0.070068 0.145752 0.007324 -0.987305 0.094727 -8.472656
30.781 6 FINKEN_SENSOR_MODEL 282 94 161 107 0. 0. 0.441406 0.066406 0.00708 2.907959 0. 0. 0. -0.005127 0.047852 -0.014893 0.322266 -0.123047 -9.914062
30.793 6 FINKEN_IR_ADC 0.4312 1572
30.883 6 FINKEN_SENSOR_MODEL 280 94 183 111 0. 0. 0.425781 0.070312 0.005127 2.909424 0. 0. 0. 0.064697 0.074463 -0.012695 -0.113281 0.460938 -10.209961
30.903 6 ROTORCRAFT_NAV_STATUS 15 15 120. 0. 1 2 3
30.976 6 LINK_REPORT 6 -1 31 0 16023 296 65 615. 10. 24 -1.44846333597e+12
30.982 6 FINKEN_SENSOR_MODEL 279 94 183 116 0. 0. 0.40625 0.077881 0.010498 2.910645 0. 0. 0. -0.065918 0.00415 0.000977 0.275391 0.84082 -11.042969
31.048 6 ROTORCRAFT_FP 0 0 -362 0 0 116298 38 334 11924 -637 30720 -362 11545 3781 59
31.124 6 FINKEN_SENSOR_MODEL 278 94 184 117 0. 0. 0.386719 0.087158 0.009277 2.911621 0. 0. 0. -0.070068 0.098877 -0.018066 -1.09668 0.289062 -10.928711
31.200 6 FINKEN_SENSOR_MODEL 274 94 184 120 0. 0. 0.378906 0.094971 0.002197 2.914062 0. 0. 0. -0.064697 0.083008 -0.006348 -0.53125 0.318359 -10.526367
31.280 6 FINKEN_SENSOR_MODEL 270 94 184 121 0. 0. 0.375 0.095703 -0.001709 2.914795 0. 0. 0. -0.158447 -0.072266 0.016846 0.944336 0.827148 -10.258789
31.296 6 DL_VALUE 34 300.
31.384 6 FINKEN_SENSOR_MODEL 269 94 184 124 0. 0. 0.367188 0.095703 -0.004395 2.915039 0. 0. 0. -0.025391 -0.061523 -0.062744 -0.075195 -0.398438 -10.301758
31.502 6 FINKEN_SYSTEM_SET_POINT 0.6 0. 0. 0.
31.780 6 FINKEN_SENSOR_MODEL 266 92 186 130 0. 0. 0.394531 0.058594 -0.014893 2.911621 0. 0. 0. -0.013672 -0.039307 -0.041504 -0.250977 -0.931641 -9.381836
31.796 6 FINKEN_IR_ADC 0.416 1610
31.879 6 FINKEN_SENSOR_MODEL 266 92 187 130 0. 0. 0.421875 0.054688 -0.015137 2.912109 0. 0. 0. -0.024414 0.05835 -0.031738 0.104492 0.298828 -8.956055
31.901 6 ROTORCRAFT_NAV_STATUS 16 16 120. 0. 1 2 3
31.976 6 FINKEN_SENSOR_MODEL 266 91 188 132 0. 0. 0.445312 0.051758 -0.017578 2.911865 0. 0. 0. 0.00415 0.022217 -0.022217 1.751953 0.170898 -8.563477
31.977 6 LINK_REPORT 6 -1 32 0 16745 309 67 722. 13. 24 -1.44846333597e+12
32.045 6 WIND_INFO 6 42 0. 0. 0.
32.045 6 ROTORCRAFT_FP 0 0 -448 0 0 -91150 -69 207 11928 -637 30720 -448 11545 3372 60
32.275 6 FINKEN_SENSOR_MODEL 267 87 135 132 0. 0. 0.464844 0.046631 -0.020508 2.913818 0. 0. 0. -0.174316 -0.030762 -0.023193 -2.194336 0. -9.625977
32.376 6 FINKEN_SENSOR_MODEL 267 86 121 133 0. 0. 0.453125 0.046875 -0.029297 2.913086 0. 0. 0. -0.088135 -0.023193 -0.031738 0.080078 0.24707 -10.047852
32.475 6 FINKEN_SENSOR_MODEL 269 85 132 133 0. 0. 0.4375 0.047363 -0.029541 2.912842 0. 0. 0. 0.038086 -0.034912 -0.034912 -1.637695 -1.354492 -9.851562
32.574 6 FINKEN_SENSOR_MODEL 270 84 177 133 0. 0. 0.417969 0.046875 -0.028809 2.912842 0. 0. 0. 0.070068 -0.009521 -0.019043 0.541016 1.150391 -10.430664
32.676 6 FINKEN_SENSOR_MODEL 271 84 193 130 0. 0. 0.402344 0.048828 -0.029541 2.912842 0. 0. 0. -0.045654 -0.062744 0.007324 -1.851562 -0.318359 -10.325195
32.773 6 FINKEN_SENSOR_MODEL 271 83 193 128 0. 0. 0.398438 0.047363 -0.028076 2.913574 0. 0. 0. -0.088135 0.067871 -0.047852 -0.707031 -0.270508 -10.133789
32.785 6 FINKEN_IR_ADC 0.399238 1654
32.873 6 FINKEN_SENSOR_MODEL 271 83 169 126 0. 0. 0.398438 0.04541 -0.0271 2.913818 0. 0. 0. 0.063721 -0.104248 -0.033936 0.431641 0.099609 -10.392578
32.898 6 ROTORCRAFT_NAV_STATUS 17 17 120. 0. 1 2 3
32.975 6 FINKEN_SENSOR_MODEL 162 83 100 126 0. 0. 0.40625 0.046631 -0.026611 2.913818 0. 0. 0. -0.008301 -0.048828 0.003174 -0.123047 1.230469 -10.229492
32.977 6 LINK_REPORT 6 -1 33 0 17434 320 68 689. 11. 25 -1.44846333597e+12
33.040 6 ROTORCRAFT_FP 0 0 -555 0 0 -125527 -87 174 11934 -637 30720 -555 11545 3560 61
33.118 6 FINKEN_SENSOR_MODEL 90 83 99 126 0. 0. 0.414062 0.044434 -0.021973 2.913818 0. 0. 0. -0.088135 0.166016 -0.007324 1.742188 -0.275391 -9.501953
33.137 6 WP_MOVED_ENU 1 -637 30720 16640
33.214 6 FINKEN_SENSOR_MODEL 199 84 168 126 0. 0. 0.421875 0.041748 -0.020752 2.914551 0. 0. 0. 0.033936 -0.026367 -0.011475 1.030273 -0.204102 -9.84668
33.255 6 INS_REF 463580755 10300661 436507982 434622299 12728900 236843 185000 99902.
33.372 6 FINKEN_SENSOR_MODEL 165 87 189 122 0. 0. 0.429688 0.047119 -0.014648 2.916504 0. 0. 0. 0.027588 0.04248 -0.018066 -0.75 0.080078 -9.454102
33.471 6 FINKEN_SENSOR_MODEL 93 88 188 121 0. 0. 0.421875 0.049072 -0.007568 2.919189 0. 0. 0. 0.109375 0.140381 0.005127 -0.72168 -0.166016 -10.229492
33.572 6 FINKEN_SENSOR_MODEL 203 89 187 121 0. 0. 0.402344 0.055908 0. 2.922363 0. 0. 0. -0.00415 -0.104248 -0.027588 0.379883 0.12793 -9.587891
33.599 6 ALIVE 200,125,168,22,34,53,61,96,85,248,81,176,59,195,91,18
33.675 6 FINKEN_SENSOR_MODEL 277 91 185 120 0. 0. 0.425781 0.055176 0.000244 2.925049 0. 0. 0. -0.073242 -0.176514 0.019043 -0.408203 0.865234 -10.473633
33.698 6 ROTORCRAFT_STATUS 0 210 0 46 0 13 1 1 4 5 118 470
33.774 6 FINKEN_SENSOR_MODEL 276 92 184 120 0. 0. 0.460938 0.050537 0.000244 2.92749 0. 0. 0. -0.031738 0.175537 -0.006348 -0.375 -0.527344 -9.736328
33.788 6 FINKEN_IR_ADC 0.4776 1456
33.869 6 FINKEN_SENSOR_MODEL 276 94 182 118 0. 0. 0.480469 0.044678 0.003662 2.928223 0. 0. 0. 0.033936 0.007324 -0.010498 -1.191406 -0.151367 -9.119141
33.891 6 ROTORCRAFT_NAV_STATUS 18 18 120. 0. 1 2 3
33.977 6 LINK_REPORT 6 -1 34 0 18226 335 68 792. 15. 25 -1.44846333597e+12
34.569 6 FINKEN_SENSOR_MODEL 278 99 177 113 0. 0. 0.390625 0.032959 0.208496 2.936768 0. 0. 0. 0.436279 0.134033 0.091309 -0.089844 -0.179688 -10.55957
34.666 6 FINKEN_SENSOR_MODEL 278 100 177 113 0. 0. 0.40625 0.038574 0.056885 2.9375 0. 0. 0. -4.66748 0.158447 0.122314 0.308594 0.041992 -10.765625
34.766 6 FINKEN_SENSOR_MODEL 278 99 179 113 0. 0. 0.433594 0.044678 -0.12085 2.94043 0. 0. 0. -1.821777 -0.073242 -0.089355 -1.524414 -1.130859 -9.693359
34.778 6 FINKEN_IR_ADC 0.4556 1511
34.869 6 FINKEN_SENSOR_MODEL 278 98 181 113 0. 0. 0.460938 0.04834 -0.14624 2.94043 0. 0. 0. 1.364258 -0.009521 -0.13501 -0.18457 -0.499023 -9.272461
34.888 6 ROTORCRAFT_NAV_STATUS 19 19 120. 0. 1 2 3
34.967 6 FINKEN_SENSOR_MODEL 278 94 185 114 0. 0. 0.488281 0.044678 -0.141846 2.938232 0. 0. 0. 0.76709 0.103027 -0.02124 -0.070312 0.626953 -10.171875
34.977 6 LINK_REPORT 6 -1 35 0 18629 342 69 403. 7. 25 -1.44846333597e+12
35.034 6 ROTORCRAFT_FP 0 0 -513 0 0 60170 -410 185 12025 -637 30720 -513 11545 3356 63
35.112 6 FINKEN_SENSOR_MODEL 277 92 188 114 0. 0. 0.503906 0.043945 -0.108398 2.935547 0. 0. 0. -0.202148 -0.013672 -0.022217 0.28418 0.15625 -9.195312
35.185 6 FINKEN_SENSOR_MODEL 275 90 190 114 0. 0. 0.511719 0.043701 -0.053955 2.936035 0. 0. 0. 0.001953 0.05957 -0.054199 -0.298828 -0.003906 -9.770508
35.265 6 FINKEN_SENSOR_MODEL 274 89 189 114 0. 0. 0.511719 0.043701 -0.047363 2.935303 0. 0. 0. 0.508545 -0.006348 -0.052979 0.588867 0.046875 -9.574219
35.364 6 FINKEN_SENSOR_MODEL 273 90 189 114 0. 0. 0.511719 0.045654 -0.046875 2.934082 0. 0. 0. 0.093506 0.024414 -0.02124 0.583984 -0.056641 -10.09082
35.588 6 ALIVE 200,125,168,22,34,53,61,96,85,248,81,176,59,195,91,18
35.664 6 FINKEN_SENSOR_MODEL 272 93 183 117 0. 0. 0.527344 0.043701 -0.002441 2.932129 0. 0. 0. 0.338379 0.0979 -0.060547 1.010742 0.750977 -10.344727
35.689 6 ROTORCRAFT_STATUS 0 210 0 45 0 13 1 1 4 5 118 472
35.764 6 FINKEN_SENSOR_MODEL 272 94 182 120 0. 0. 0.527344 0.047119 0.000977 2.931885 0. 0. 0. 0.045654 0.038086 -0.024414 0.099609 0.936523 -9.071289
35.776 6 FINKEN_IR_ADC 0.5064 1384
35.864 6 FINKEN_SENSOR_MODEL 270 96 180 123 0. 0. 0.5 0.05249 0.009521 2.932861 0. 0. 0. -0.0979 0.111572 0.005127 0.298828 0.336914 -9.569336
35.883 6 ROTORCRAFT_NAV_STATUS 20 20 120. 0. 1 2 3
35.960 6 FINKEN_SENSOR_MODEL 269 99 179 122 0. 0. 0.492188 0.05542 0.014648 2.933594 0. 0. 0. -0.062744 0.091309 -0.052979 0.597656 0.056641 -9.712891
35.977 6 LINK_REPORT 6 -1 36 0 19364 355 70 735. 13. 26 -1.44846334097e+12
36.032 6 ROTORCRAFT_FP 0 0 -499 0 0 18452 45 229 12016 -637 30720 -499 11545 3699 64
36.104 6 FINKEN_SENSOR_MODEL 267 102 176 122 0. 0. 0.488281 0.055176 0.012939 2.933594 0. 0. 0. 0.0979 -0.015869 -0.019043 -0.051758 1.326172 -10.258789
36.180 6 FINKEN_SENSOR_MODEL 265 103 175 122 0. 0. 0.484375 0.053223 0.019775 2.933838 0. 0. 0. -0.000977 -0.003174 -0.012695 0.265625 -0.075195 -9.602539
36.261 6 FINKEN_SENSOR_MODEL 264 104 173 123 0. 0. 0.480469 0.050537 0.023193 2.934082 0. 0. 0. 0.022217 -0.094482 -0.034912 -1.685547 -1.425781 -10.239258
36.359 6 FINKEN_SENSOR_MODEL 264 105 173 124 0. 0. 0.480469 0.046631 0.026367 2.93335 0. 0. 0. -0.07959 0.029785 0.031738 0.726562 1.164062 -9.851562
36.458 6 FINKEN_SENSOR_MODEL 262 107 172 126 0. 0. 0.484375 0.043945 0.028076 2.933838 0. 0. 0. -0.024414 0.07959 -0.031738 0.844727 -0.18457 -10.047852
36.761 6 FINKEN_SENSOR_MODEL 257 108 146 131 0. 0. 0.496094 0.041992 0.016602 2.935547 0. 0. 0. -0.075439 0. -0.005127 -0.313477 0.855469 -10.100586
36.770 6 FINKEN_IR_ADC 0.5 1400
36.978 6 LINK_REPORT 6 -1 37 0 19884 363 71 520. 8. 26 -1.44846334097e+12
37.268 6 DL_VALUE 36 0.
37.361 6 FINKEN_SENSOR_MODEL 244 102 177 145 0. 0. 0.503906 0.046143 -0.009521 2.933838 0. 0. 0. -0.012695 0.025391 -0.031738 0.242188 -0.503906 -9.109375
37.380 6 FINKEN_ACTUATORS_MODEL 0.000448 -1.228328 0. 0.285485
37.457 6 FINKEN_SENSOR_MODEL 241 101 178 148 0. 0. 0.503906 0.046631 -0.010742 2.933105 0. 0. 0. -0.17334 0.027588 -0.02124 -0.944336 -0.46582 -9.84668
37.478 6 FINKEN_SYSTEM_SET_POINT 0.6 0. 0. 0.
37.681 6 ROTORCRAFT_STATUS 0 210 0 46 0 13 1 1 4 5 118 474
37.758 6 FINKEN_SENSOR_MODEL 232 97 183 154 0. 0. 0.539062 0.04541 -0.024658 2.93457 0. 0. 0. 0.006348 0.084961 -0.013672 -0.118164 -0.24707 -9.526367
37.978 6 LINK_REPORT 6 -1 38 0 20184 370 74 300. 7. 26 -1.44846334097e+12
38.076 6 INS 0 0 528 0 0 -20260 195 924 -774
38.097 6 WP_MOVED_ENU 0 10529 10974 16640
38.174 6 FINKEN_SENSOR_MODEL 219 92 185 167 0. 0. 0.457031 0.044922 -0.026367 2.934814 0. 0. 0. -0.034912 0.030762 -0.015869 -2.003906 -0.59375 -10.450195
38.214 6 INS_REF 463580755 10300661 436507982 434622299 12728900 236843 185000 99902.
38.651 6 FINKEN_SENSOR_MODEL 202 91 182 186 0. 0. 0.488281 0.043457 -0.016113 2.939697 0. 0. 0. 0.076416 0.04248 -0.014893 -1.091797 0.484375 -8.975586
38.873 6 ROTORCRAFT_NAV_STATUS 23 23 120. 0. 1 2 3
38.979 6 LINK_REPORT 6 -1 39 0 20452 376 76 268. 6. 26 -1.44846334097e+12
39.092 6 FINKEN_SENSOR_MODEL 187 94 176 203 0. 0. 0.484375 0.047852 -0.000977 2.941406 0. 0. 0. -0.032959 0.083984 -0.043457 0.726562 -0.222656 -10.516602
39.572 6 ALIVE 200,125,168,22,34,53,61,96,85,248,81,176,59,195,91,18
39.653 6 FINKEN_SENSOR_MODEL 165 94 170 227 0. 0. 0.492188 0.04541 0.005859 2.939697 0. 0. 0. -0.11792 0.090332 0.005127 0.854492 0.499023 -9.587891
39.765 6 FINKEN_IR_ADC 0.5088 1378
39.847 6 FINKEN_SENSOR_MODEL 156 92 168 236 0. 0. 0.507812 0.050049 -0.009521 2.940186 0. 0. 0. -0.180908 0.075439 -0.019043 -0.037109 0.170898 -10.071289
39.877 6 ROTORCRAFT_NAV_STATUS 24 24 120. 0. 1 2 3
39.947 6 FINKEN_SENSOR_MODEL 153 91 167 242 0. 0. 0.507812 0.052002 -0.015137 2.941162 0. 0. 0. -0.083008 0.02002 -0.009521 -0.242188 0.650391 -9.942383
39.980 6 LINK_REPORT 6 -1 40 0 20804 383 80 352. 7. 26 -1.44846334097e+12
40.093 6 FINKEN_SENSOR_MODEL 147 90 167 245 0. 0. 0.507812 0.053223 -0.018799 2.941406 0. 0. 0. -0.025391 0.073242 -0.000977 1.604492 0.113281 -10.114258
40.167 6 FINKEN_SENSOR_MODEL 143 90 166 250 0. 0. 0.519531 0.052734 -0.022949 2.940918 0. 0. 0. -0.083984 0.04248 -0.055176 -0.707031 -0.046875 -9.879883
40.245 6 FINKEN_SENSOR_MODEL 137 89 166 254 0. 0. 0.511719 0.051758 -0.020752 2.941406 0. 0. 0. -0.038086 0.05835 -0.006348 0.303711 0.726562 -10.249023
40.257 6 DL_VALUE 37 4000.
40.342 6 FINKEN_SENSOR_MODEL 134 89 166 260 0. 0. 0.507812 0.052979 -0.018555 2.940918 0. 0. 0. 0.009521 -0.048828 -0.027588 -0.630859 0.541016 -9.569336
40.368 6 FINKEN_ACTUATORS_MODEL 0. -1.547447 0. 0.295424
40.444 6 FINKEN_SENSOR_MODEL 130 88 166 263 0. 0. 0.503906 0.053955 -0.016602 2.940674 0. 0. 0. 0.014893 0.075439 -0.048828 -0.864258 -1.03125 -9.875
40.468 6 FINKEN_SYSTEM_SET_POINT 0.6 0. 0. 0.
40.741 6 FINKEN_SENSOR_MODEL 113 87 168 278 0. 0. 0.480469 0.054199 -0.01416 2.936768 0. 0. 0. -0.060547 0.108398 -0.045654 -0.488281 0.113281 -9.755859
40.753 6 FINKEN_IR_ADC 0.4816 1446
40.843 6 FINKEN_SENSOR_MODEL 109 87 168 282 0. 0. 0.480469 0.060059 -0.013672 2.934082 0. 0. 0. -0.016846 0.209473 -0.036133 0.992188 0.003906 -10.209961
40.981 6 LINK_REPORT 6 -1 41 0 21389 394 82 585. 11. 27 -1.44846334597e+12
41.085 6 FINKEN_SENSOR_MODEL 101 87 169 290 0. 0. 0.472656 0.084229 -0.008545 2.926025 0. 0. 0. 0.088135 0.206299 -0.075439 0.303711 0.242188 -8.25293
41.162 6 FINKEN_SENSOR_MODEL 98 87 165 295 0. 0. 0.472656 0.089844 -0.002441 2.921875 0. 0. 0. -0.093506 -0.245605 -0.047852 -2.929688 0.417969 -4.456055
41.861 6 ROTORCRAFT_NAV_STATUS 26 26 120. 0. 1 2 3
41.982 6 LINK_REPORT 6 -1 42 0 21558 397 86 169. 3. 27 -1.44846334597e+12
42.045 6 WIND_INFO 6 42 0. 0. 0.
42.235 6 FINKEN_SENSOR_MODEL 85 92 164 262 0. 0. 0.214844 0.025879 -0.034424 2.951416 0. 0. 0. -3.286133 0.122314 1.383301 -0.973633 14.047852 -28.703125
42.336 6 FINKEN_SENSOR_MODEL 85 93 165 266 0. 0. 0.214844 -0.007324 -0.033447 2.964355 0. 0. 0. -0.102051 0.642578 -0.166992 -4.526367 -0.298828 1.90918
42.434 6 FINKEN_SENSOR_MODEL 86 94 166 266 0. 0. 0.199219 0.067139 0.030762 2.987549 0. 0. 0. 1.610107 0.336182 0.32666 6.397461 -2.847656 -16.745117
42.536 6 FINKEN_SENSOR_MODEL 86 95 166 266 0. 0. 0.234375 0.000977 -0.021484 2.981445 0. 0. 0. 0.242432 0.311768 -0.057373 -0.873047 2.077148 -7.77832
42.637 6 FINKEN_SENSOR_MODEL 86 95 167 266 0. 0. 0.238281 0.030518 0.010986 2.983154 0. 0. 0. 0.026367 -0.301025 0.052002 0.773438 -1.848633 -9.124023
42.733 6 FINKEN_SENSOR_MODEL 85 96 167 266 0. 0. 0.238281 0.024902 -0.007812 2.980469 0. 0. 0. 0.103027 0.158447 -0.012695 0.536133 0.860352 -10.90918
42.750 6 FINKEN_IR_ADC 0.239619 2492
42.834 6 FINKEN_SENSOR_MODEL 85 98 167 266 0. 0. 0.238281 0.021729 -0.002197 2.979736 0. 0. 0. -0.193604 -0.00415 -0.038086 -0.555664 -0.665039 -9.277344
42.862 6 ROTORCRAFT_NAV_STATUS 27 27 120. 0. 1 2 3
42.937 6 FINKEN_SENSOR_MODEL 85 99 167 266 0. 0. 0.238281 0.023438 -0.000244 2.979004 0. 0. 0. -0.005127 -0.036133 -0.018066 0.602539 -0.413086 -11.283203
42.981 6 LINK_REPORT 6 -1 43 0 22183 407 88 625. 10. 28 -1.44846334597e+12
43.005 6 ROTORCRAFT_FP 0 0 -716 0 0 -684497 -10 99 12197 -637 30720 -716 11545 -1318 71
43.050 6 INS 0 0 718 0 0 683962 -297 -269 -632
43.068 6 WP_MOVED_ENU 1 -637 30720 16640
43.145 6 FINKEN_SENSOR_MODEL 84 102 167 266 0. 0. 0.238281 0.023682 -0.002686 2.976807 0. 0. 0. -0.048828 -0.027588 -0.023193 0.617188 0.469727 -9.879883
43.185 6 INS_REF 463580755 10300661 436507982 434622299 12728900 236843 185000 99902.
43.265 6 FINKEN_SENSOR_MODEL 83 103 168 266 0. 0. 0.238281 0.023926 -0.001953 2.97583 0. 0. 0. -0.039307 0.126465 -0.001953 0.75 -1.036133 -10.526367
43.276 6 DL_VALUE 38 350.
43.353 6 FINKEN_SENSOR_MODEL 84 104 168 266 0. 0. 0.238281 0.023926 -0.002197 2.974854 0. 0. 0. 0.144531 0.054199 0.022217 -0.783203 -0.598633 -8.96582
43.373 6 FINKEN_ACTUATORS_MODEL 1.687764 0.279849 0. 0.307925
43.452 6 FINKEN_SENSOR_MODEL 85 104 168 266 0. 0. 0.238281 0.023682 -0.002197 2.973633 0. 0. 0. -0.074463 0.003174 -0.012695 -0.260742 1.787109 -9.698242
43.475 6 FINKEN_SYSTEM_SET_POINT 0.6 0. 0. 0.
43.551 6 FINKEN_SENSOR_MODEL 85 105 169 266 0. 0. 0.238281 0.023926 -0.002441 2.972656 0. 0. 0. -0.041504 0.083008 0.010498 -0.260742 -0.641602 -9.416016
43.576 6 ALIVE 200,125,168,22,34,53,61,96,85,248,81,176,59,195,91,18
43.652 6 FINKEN_SENSOR_MODEL 85 107 169 266 0. 0. 0.238281 0.02417 -0.002197 2.97168 0. 0. 0. 0.019043 0.049805 -0.030762 -0.474609 0.731445 -9.305664
43.676 6 ROTORCRAFT_STATUS 0 158 0 45 0 13 1 1 4 5 120 480
43.754 6 FINKEN_SENSOR_MODEL 85 107 170 266 0. 0. 0.238281 0.02417 -0.002441 2.970703 0. 0. 0. -0.088135 0.001953 0. -1.044922 0.541016 -9.094727
43.765 6 FINKEN_IR_ADC 0.242286 2478
43.843 6 FINKEN_SENSOR_MODEL 85 108 170 266 0. 0. 0.242188 0.024414 -0.001953 2.969727 0. 0. 0. -0.024414 -0.014893 0.012695 -0.375 0.746094 -9.760742
43.863 6 ROTORCRAFT_NAV_STATUS 28 28 120. 0. 1 2 3
43.943 6 FINKEN_SENSOR_MODEL 85 107 171 266 0. 0. 0.238281 0.024414 -0.002686 2.968506 0. 0. 0. -0.148926 0.012695 -0.046631 -0.655273 0.280273 -9.612305
43.982 6 LINK_REPORT 6 -1 44 0 23146 427 88 963. 20. 28 -1.44846334597e+12
44.011 6 ROTORCRAFT_FP 0 0 -504 0 0 88744 -9 101 12156 -637 30720 -504 11545 -1318 72
44.086 6 FINKEN_SENSOR_MODEL 85 106 171 266 0. 0. 0.238281 0.024414 -0.002441 2.967773 0. 0. 0. 0.024414 -0.005127 -0.003174 -0.664062 -1.145508 -9.37793
44.164 6 FINKEN_SENSOR_MODEL 85 105 173 266 0. 0. 0.238281 0.023926 -0.002686 2.967041 0. 0. 0. -0.045654 -0.016846 -0.024414 -0.132812 0.827148 -10.947266
44.239 6 FINKEN_SENSOR_MODEL 85 105 172 266 0. 0. 0.238281 0.02417 -0.003174 2.966064 0. 0. 0. -0.107422 -0.055176 -0.02124 -0.459961 -0.717773 -9.401367
44.330 6 FINKEN_SENSOR_MODEL 85 105 172 266 0. 0. 0.238281 0.02417 -0.002197 2.965088 0. 0. 0. -0.005127 -0.009521 -0.016846 0.764648 -0.831055 -11.004883
44.428 6 FINKEN_SENSOR_MODEL 85 105 172 266 0. 0. 0.242188 0.024658 -0.002197 2.964111 0. 0. 0. 0.039307 0.084961 -0.012695 -0.018555 -0.769531 -10.166992
44.526 6 FINKEN_SENSOR_MODEL 85 106 172 266 0. 0. 0.242188 0.024414 -0.002441 2.963135 0. 0. 0. 0.064697 -0.061523 0.010498 -0.265625 0.669922 -9.660156
