1.512 6 FINKEN_SENSOR_MODEL 101 52 44 101 0. 0. 0.238281 0.020752 0.00293 2.373535 0. 0. 0. -0.026367 0.011475 -0.011475 0.118164 0.137695 -9.813477
1.526 6 FINKEN_IR_ADC 0.239429 2493
1.604 6 FINKEN_SENSOR_MODEL 101 54 44 101 0. 0. 0.238281 0.02124 0.00293 2.368896 0. 0. 0. -0.026367 0.011475 -0.015869 0.051758 0.170898 -9.942383
1.623 6 ROTORCRAFT_NAV_STATUS 19 19 120. 0. 1 2 3
1.701 6 FINKEN_SENSOR_MODEL 101 60 44 100 0. 0. 0.238281 0.021729 0.00293 2.364502 0. 0. 0. -0.028564 0.016846 -0.011475 0.089844 0.199219 -9.841797
1.772 6 ROTORCRAFT_FP 0 0 -26 0 0 1238492 12 90 9677 0 0 0 0 0 0
1.844 6 FINKEN_SENSOR_MODEL 101 60 44 100 0. 0. 0.238281 0.022461 0.00293 2.360107 0. 0. 0. -0.026367 0.016846 -0.016846 0.089844 0.118164 -9.813477
1.921 6 FINKEN_SENSOR_MODEL 101 54 44 94 0. 0. 0.238281 0.022949 0.00293 2.355469 0. 0. 0. -0.024414 0.014893 -0.013672 0.108398 0.118164 -9.827148
1.999 6 FINKEN_SENSOR_MODEL 101 52 44 91 0. 0. 0.238281 0.023438 0.003174 2.351074 0. 0. 0. -0.028564 0.010498 -0.014893 0.051758 0.123047 -9.894531
2.048 6 LINK_REPORT 6 -1 2 0 1243 23 0 927. 17. 0 0.
2.098 6 FINKEN_SENSOR_MODEL 101 52 44 91 0. 0. 0.238281 0.023926 0.003174 2.34668 0. 0. 0. -0.027588 0.016846 -0.011475 0.080078 0.137695 -9.693359
2.196 6 FINKEN_SENSOR_MODEL 101 52 44 91 0. 0. 0.238281 0.024414 0.003174 2.342285 0. 0. 0. -0.028564 0.012695 -0.014893 0.056641 0.15625 -9.818359
2.297 6 FINKEN_SENSOR_MODEL 101 52 44 91 0. 0. 0.238281 0.024902 0.003174 2.337891 0. 0. 0. -0.025391 0.013672 -0.014893 0.084961 0.094727 -9.770508
2.401 6 FINKEN_SENSOR_MODEL 101 51 44 91 0. 0. 0.238281 0.025391 0.003174 2.333496 0. 0. 0. -0.027588 0.015869 -0.012695 0.141602 0.137695 -9.827148
2.496 6 FINKEN_SENSOR_MODEL 101 51 44 91 0. 0. 0.238281 0.025879 0.003418 2.329346 0. 0. 0. -0.025391 0.013672 -0.011475 0.132812 0.170898 -9.798828
2.511 6 FINKEN_IR_ADC 0.239238 2494
2.599 6 FINKEN_SENSOR_MODEL 101 51 44 91 0. 0. 0.238281 0.026367 0.003418 2.324951 0. 0. 0. -0.026367 0.014893 -0.010498 0.046875 0.161133 -9.798828
2.617 6 ROTORCRAFT_NAV_STATUS 20 20 120. 0. 1 2 3
2.695 6 FINKEN_SENSOR_MODEL 101 51 44 89 0. 0. 0.238281 0.026855 0.003418 2.320801 0. 0. 0. -0.028564 0.014893 -0.011475 0.132812 0.094727 -9.884766
2.762 6 ROTORCRAFT_FP 0 0 49 0 0 1334457 14 111 9499 0 0 0 0 0 0
2.838 6 FINKEN_SENSOR_MODEL 101 51 45 89 0. 0. 0.238281 0.027344 0.003418 2.31665 0. 0. 0. -0.027588 0.009521 -0.012695 0.108398 0.142578 -9.827148
2.923 6 FINKEN_SENSOR_MODEL 101 52 44 87 0. 0. 0.238281 0.027832 0.003418 2.3125 0. 0. 0. -0.028564 0.013672 -0.013672 0.075195 0.194336 -10.033203
2.995 6 FINKEN_SENSOR_MODEL 101 51 44 87 0. 0. 0.238281 0.02832 0.003418 2.30835 0. 0. 0. -0.027588 0.015869 -0.013672 0.104492 0.118164 -9.879883
3.049 6 LINK_REPORT 6 -1 3 0 2080 36 0 837. 13. 0 0.
3.095 6 FINKEN_SENSOR_MODEL 101 51 44 87 0. 0. 0.238281 0.028809 0.003418 2.304199 0. 0. 0. -0.026367 0.013672 -0.015869 0.089844 0.099609 -9.894531
3.324 6 ALIVE 200,125,168,22,34,53,61,96,85,248,81,176,59,195,91,18
3.395 6 FINKEN_SENSOR_MODEL 101 52 45 87 0. 0. 0.238281 0.030029 0.003418 2.292236 0. 0. 0. -0.027588 0.012695 -0.012695 0.123047 0.099609 -9.827148
3.420 6 ROTORCRAFT_STATUS 0 0 0 45 0 0 0 0 0 0 126 32
3.496 6 FINKEN_SENSOR_MODEL 101 52 45 87 0. 0. 0.238281 0.030518 0.003418 2.28833 0. 0. 0. -0.023193 0.010498 -0.012695 0.046875 0.170898 -9.827148
3.508 6 FINKEN_IR_ADC 0.239238 2494
3.593 6 FINKEN_SENSOR_MODEL 101 56 45 88 0. 0. 0.238281 0.031006 0.003418 2.284424 0. 0. 0. -0.029785 0.010498 -0.012695 0.151367 0.222656 -9.736328
3.613 6 ROTORCRAFT_NAV_STATUS 21 21 120. 0. 1 2 3
3.693 6 FINKEN_SENSOR_MODEL 101 62 44 88 0. 0. 0.238281 0.03125 0.003418 2.280273 0. 0. 0. -0.025391 0.014893 -0.014893 0.046875 0.12793 -9.904297
3.759 6 ROTORCRAFT_FP 0 0 -5 0 0 1148111 14 129 9332 0 0 0 0 0 0
3.837 6 FINKEN_SENSOR_MODEL 101 58 44 88 0. 0. 0.238281 0.031738 0.003418 2.276367 0. 0. 0. -0.029785 0.012695 -0.013672 0.046875 0.104492 -9.793945
3.914 6 FINKEN_SENSOR_MODEL 101 52 44 88 0. 0. 0.238281 0.032227 0.003174 2.272705 0. 0. 0. -0.027588 0.011475 -0.012695 0.108398 0.12793 -9.841797
3.993 6 FINKEN_SENSOR_MODEL 101 51 44 87 0. 0. 0.238281 0.032715 0.003174 2.268799 0. 0. 0. -0.027588 0.018066 -0.011475 0.099609 0.094727 -10.009766
4.003 6 DL_VALUE 11 1.
4.049 6 LINK_REPORT 6 -1 4 0 2826 50 1 746. 14. 0 0.
4.094 6 FINKEN_SENSOR_MODEL 101 51 44 87 0. 0. 0.238281 0.032959 0.003174 2.265137 0. 0. 0. -0.028564 0.016846 -0.016846 0.099609 0.099609 -9.774414
4.113 6 FINKEN_ACTUATORS_MODEL -1.140646 2.829874 0. 0.337145
4.192 6 FINKEN_SENSOR_MODEL 101 51 44 87 0. 0. 0.238281 0.033447 0.003174 2.261475 0. 0. 0. -0.027588 0.011475 -0.016846 0.146484 0.113281 -9.942383
4.214 6 FINKEN_SYSTEM_SET_POINT 0.6 0. 0. 0.
4.290 6 FINKEN_SENSOR_MODEL 101 52 44 87 0. 0. 0.238281 0.033936 0.003174 2.257568 0. 0. 0. -0.029785 0.014893 -0.015869 0.075195 0.15625 -9.803711
4.501 6 FINKEN_IR_ADC 0.239429 2493
4.592 6 FINKEN_SENSOR_MODEL 101 52 44 87 0. 0. 0.238281 0.034912 0.00293 2.246338 0. 0. 0. -0.027588 0.009521 -0.011475 0.084961 0.094727 -9.803711
4.613 6 ROTORCRAFT_NAV_STATUS 22 22 120. 0. 1 2 3
4.689 6 FINKEN_SENSOR_MODEL 101 52 44 87 0. 0. 0.238281 0.0354 0.00293 2.24292 0. 0. 0. -0.025391 0.012695 -0.014893 0.080078 0.071289 -9.660156
4.754 6 ROTORCRAFT_FP 0 0 -33 0 0 1093489 12 146 9180 -637 30720 -34 0 0 0
4.832 6 FINKEN_SENSOR_MODEL 101 52 44 87 0. 0. 0.238281 0.035889 0.00293 2.239502 0. 0. 0. -0.024414 0.013672 -0.013672 0.099609 0.113281 -9.665039
4.909 6 FINKEN_SENSOR_MODEL 101 52 44 87 0. 0. 0.238281 0.036133 0.002686 2.23584 0. 0. 0. -0.028564 0.012695 -0.011475 0.051758 0.12793 -9.851562
4.987 6 FINKEN_SENSOR_MODEL 101 51 44 87 0. 0. 0.238281 0.036621 0.002686 2.232422 0. 0. 0. -0.027588 0.014893 -0.015869 0.094727 0.123047 -9.870117
5.049 6 LINK_REPORT 6 -1 5 0 3559 63 2 733. 13. 0 0.
5.087 6 FINKEN_SENSOR_MODEL 101 51 44 87 0. 0. 0.238281 0.036865 0.002686 2.229004 0. 0. 0. -0.030762 0.015869 -0.015869 0.094727 0.166016 -9.879883
5.188 6 FINKEN_SENSOR_MODEL 101 51 44 87 0. 0. 0.238281 0.036377 0.001465 2.226807 0. 0. 0. -0.061523 0.029785 0.195801 -0.084961 0.056641 -10.234375
5.288 6 FINKEN_SENSOR_MODEL 101 52 44 87 0. 0. 0.238281 0.037354 0.001953 2.223145 0. 0. 0. 0.013672 -0.026367 0.026367 -0.711914 -0.123047 -8.462891
5.308 6 ALIVE 200,125,168,22,34,53,61,96,85,248,81,176,59,195,91,18
5.387 6 FINKEN_SENSOR_MODEL 101 58 45 87 0. 0. 0.238281 0.038086 0.002441 2.219727 0. 0. 0. -0.032959 0.149902 -0.051025 0.697266 0.527344 -10.181641
5.417 6 ROTORCRAFT_STATUS 0 189 0 45 0 4 0 1 2 1 126 34
5.491 6 FINKEN_SENSOR_MODEL 101 62 44 87 0. 0. 0.238281 0.03833 0.002197 2.216797 0. 0. 0. -0.030762 -0.166992 0.005127 -0.40332 0.332031 -10.219727
5.500 6 FINKEN_IR_ADC 0.239429 2493
5.684 6 FINKEN_SENSOR_MODEL 178 146 44 87 0. 0. 0.238281 0.039062 0.001953 2.210449 0. 0. 0. -0.003174 0.191406 -0.030762 2.279297 0.175781 -10.914062
5.752 6 ROTORCRAFT_FP 0 0 -89 0 0 971631 5 162 9047 -637 30720 -89 0 -1318 0
5.827 6 FINKEN_SENSOR_MODEL 294 89 44 87 0. 0. 0.238281 0.039551 0.001709 2.207275 0. 0. 0. -0.014893 -0.148926 -0.005127 0.056641 0.883789 -10.339844
5.848 6 WP_MOVED_ENU 0 10529 10974 16640
5.924 6 FINKEN_SENSOR_MODEL 216 52 44 87 0. 0. 0.238281 0.040527 0.001465 2.204102 0. 0. 0. 0.019043 -0.02002 -0.018066 -1.823242 -0.507812 -8.12793
5.964 6 INS_REF 463580755 10300661 436507982 434622299 12728900 236843 185000 99902.
6.050 6 LINK_REPORT 6 -1 6 0 4330 77 3 771. 14. 1 -1.44846290335e+12
6.083 6 FINKEN_SENSOR_MODEL 178 60 44 87 0. 0. 0.238281 0.040283 0.000977 2.198242 0. 0. 0. -0.080811 -0.114746 -0.018066 0.336914 1.188477 -10.732422
6.185 6 FINKEN_SENSOR_MODEL 295 54 44 91 0. 0. 0.238281 0.040039 0.001953 2.195312 0. 0. 0. -0.043457 -0.184082 -0.023193 -0.693359 0.217773 -9.320312
6.283 6 FINKEN_SENSOR_MODEL 217 52 44 98 0. 0. 0.238281 0.041016 0.001709 2.192383 0. 0. 0. 0.005127 0.187256 -0.00415 0.517578 -0.731445 -10.042969
6.384 6 FINKEN_SENSOR_MODEL 102 52 44 94 0. 0. 0.238281 0.041016 0.001221 2.189453 0. 0. 0. -0.106201 -0.062744 -0.00415 -0.436523 1.054688 -10.569336
6.481 6 FINKEN_SENSOR_MODEL 101 54 44 88 0. 0. 0.238281 0.041504 0.001465 2.186279 0. 0. 0. -0.027588 -0.170166 -0.015869 -0.963867 0.978516 -9.808594
6.496 6 FINKEN_IR_ADC 0.239429 2493
6.580 6 FINKEN_SENSOR_MODEL 101 60 44 93 0. 0. 0.238281 0.04248 0.000977 2.18335 0. 0. 0. 0.064697 0.187256 0.001953 -0.070312 -0.860352 -9.128906
6.601 6 ROTORCRAFT_NAV_STATUS 24 24 120. 0. 1 2 3
6.684 6 FINKEN_SENSOR_MODEL 101 78 44 102 0. 0. 0.238281 0.041992 0.001221 2.18042 0. 0. 0. -0.101074 0.127686 -0.013672 1.158203 -0.175781 -10.085938
6.747 6 ROTORCRAFT_FP 0 0 -135 0 0 921771 8 161 8926 -637 30720 -135 0 2966 0
6.990 6 DL_VALUE 12 5.
7.050 6 LINK_REPORT 6 -1 7 0 4956 88 4 626. 11. 1 -1.44846290335e+12
7.078 6 FINKEN_SENSOR_MODEL 217 62 119 88 0. 0. 0.222656 0.17041 0.034668 2.182129 0. 0. 0. -0.019043 -0.808594 0.05835 0.237305 -0.422852 -12.326172
7.381 6 FINKEN_SENSOR_MODEL 295 128 137 100 0. 0. 0.5625 0.007812 -0.186768 2.186035 0. 0. 0. -0.585205 -0.089355 0.064697 0.693359 0.15625 -8.291016
7.404 6 ROTORCRAFT_STATUS 0 65 0 45 0 13 0 1 4 5 124 36
7.482 6 FINKEN_SENSOR_MODEL 295 145 137 96 0. 0. 0.707031 0.023193 -0.172363 2.190674 0. 0. 0. 3.337158 0.352051 0.122314 -0.426758 1.297852 -7.500977
7.492 6 FINKEN_IR_ADC 0.7808 924
7.578 6 FINKEN_SENSOR_MODEL 295 145 137 89 0. 0. 0.816406 0.050293 0.025146 2.206787 0. 0. 0. 0.489502 0.078613 0.083008 0.469727 0.456055 -7.21875
7.598 6 ROTORCRAFT_NAV_STATUS 25 25 120. 0. 1 2 3
7.821 6 FINKEN_SENSOR_MODEL 295 145 137 80 0. 0. 0.925781 -0.005371 0.104248 2.216309 0. 0. 0. 0.491455 -0.263916 0.115967 -2.084961 0.332031 -4.480469
7.897 6 FINKEN_SENSOR_MODEL 295 146 135 78 0. 0. 1.199219 -0.023926 0.063965 2.220947 0. 0. 0. -0.622559 -0.287109 0.104248 1.001953 0.541016 -4.599609
8.050 6 LINK_REPORT 6 -1 8 0 5456 97 7 500. 9. 1 -1.44846290335e+12
8.076 6 FINKEN_SENSOR_MODEL 295 148 134 69 0. 0. 1.296875 -0.043457 0.030029 2.227051 0. 0. 0. -0.000977 0.022217 0.05835 3.756836 0.113281 -5.801758
8.373 6 FINKEN_SENSOR_MODEL 280 146 133 59 0. 0. 0.792969 -0.024658 0.01123 2.230957 0. 0. 0. -0.274414 0.167969 -0.02002 -0.413086 -0.550781 -17.208984
8.475 6 FINKEN_SENSOR_MODEL 281 150 135 56 0. 0. 0.726562 -0.012939 0.009033 2.22998 0. 0. 0. -0.202148 0.093506 -0.012695 -0.066406 0.071289 -17.505859
8.488 6 FINKEN_IR_ADC 0.6928 1034
8.575 6 FINKEN_SENSOR_MODEL 283 156 137 53 0. 0. 0.679688 -0.006348 0.01001 2.228516 0. 0. 0. 0.014893 -0.041504 -0.003174 2.3125 -0.161133 -14.255859
8.598 6 ROTORCRAFT_NAV_STATUS 26 26 120. 0. 1 2 3
9.051 6 LINK_REPORT 6 -1 9 0 5785 103 9 329. 6. 1 -1.44846290335e+12
9.371 6 FINKEN_SENSOR_MODEL 268 137 132 65 0. 0. 1.296875 0.031982 0.006836 2.232422 0. 0. 0. 0.04248 0.102051 0.057373 -1.111328 -0.341797 -7.59668
9.399 6 ROTORCRAFT_STATUS 0 65 0 45 0 13 1 1 4 5 123 38
9.473 6 FINKEN_SENSOR_MODEL 268 135 132 68 0. 0. 1.296875 0.046631 0.003418 2.237061 0. 0. 0. -0.032959 0.265869 0.029785 0.417969 -0.298828 -10.287109
9.486 6 FINKEN_IR_ADC 1.3 767
9.980 6 DL_VALUE 13 0.
10.052 6 LINK_REPORT 6 -1 10 0 5979 108 14 194. 5. 1 -1.44846290335e+12
10.091 6 FINKEN_ACTUATORS_MODEL 1.380379 2.4e-05 0. 0.279109
10.477 6 FINKEN_IR_ADC 1.3 654
10.773 6 INS 0 0 -207 0 0 -1233442 548 -340 -2203
10.794 6 WP_MOVED_ENU 1 -637 30720 16640
10.989 6 FINKEN_SENSOR_MODEL 255 144 151 113 0. 0. 1.296875 0.078613 0.004883 2.289307 0. 0. 0. -0.072266 -0.047852 0.036133 0.597656 0.123047 -10.306641
11.052 6 LINK_REPORT 6 -1 11 0 6148 113 19 169. 5. 2 -1.44846290835e+12
11.163 6 FINKEN_SENSOR_MODEL 212 184 152 106 0. 0. 1.296875 0.072266 0.00415 2.294434 0. 0. 0. -0.003174 -0.028564 0.038086 -0.935547 0.166016 -10.196289
11.762 6 WIND_INFO 6 42 0. 0. 0.
12.053 6 LINK_REPORT 6 -1 12 0 6222 114 20 74. 1. 3 -1.44846290835e+12
12.361 6 FINKEN_SENSOR_MODEL 116 112 147 76 0. 0. 0.238281 0.892578 -1.869629 1.216553 0. 0. 0. -7.678223 8.406006 0.383057 7.475586 14.266602 -5.633789
12.459 6 FINKEN_SENSOR_MODEL 23 136 125 78 0. 0. 0.890625 0.265869 -3.046631 0.593506 0. 0. 0. -8.663574 8.344238 0.755371 1.040039 2.276367 -0.669922
12.474 6 FINKEN_IR_ADC 1.3 507
12.581 6 ROTORCRAFT_NAV_STATUS 30 30 120. 0. 1 2 3
12.880 6 FINKEN_SENSOR_MODEL 49 99 67 97 0. 0. 0.242188 0.677734 -0.677734 1.880615 0. 0. 0. -2.569824 7.900635 1.60791 -1.756836 -2.029297 18.932617
12.957 6 FINKEN_SENSOR_MODEL 49 133 118 59 0. 0. 0.21875 0.952148 -2.200195 0.675049 0. 0. 0. -4.865479 7.96875 2.272949 4.160156 3.469727 2.507812
12.970 6 DL_VALUE 14 0.5
13.053 6 LINK_REPORT 6 -1 13 0 6562 121 31 340. 7. 3 -1.44846290835e+12
13.058 6 FINKEN_SENSOR_MODEL 49 186 118 53 0. 0. 1.296875 0.31665 3.122803 0.086182 0. 0. 0. -0.529785 13.101318 -0.80127 88.126953 -31.277344 84.018555
13.079 6 FINKEN_ACTUATORS_MODEL -0.664616 -11.507603 0. 0.2
13.156 6 FINKEN_SENSOR_MODEL 195 127 120 49 0. 0. 1.296875 -0.422363 2.97583 0.088135 0. 0. 0. 1.243896 6.330811 1.413086 7.893555 -0.698242 11.057617
13.179 6 FINKEN_SYSTEM_SET_POINT 0.6 0. 0. 0.
13.356 6 FINKEN_SENSOR_MODEL 177 39 168 192 0. 0. 1.296875 -0.80835 -3.113037 -0.020752 0. 0. 0. 0.340332 -0.128662 0.564941 -16.219727 -1.326172 9.712891
13.380 6 ROTORCRAFT_STATUS 0 36 0 45 0 0 0 0 0 0 125 42
13.464 6 FINKEN_SENSOR_MODEL 102 39 167 192 0. 0. 1.296875 -0.64502 -3.139893 -0.040039 0. 0. 0. 0.315918 -3.187256 0.081787 -6.525391 -2.519531 10.541016
13.472 6 FINKEN_IR_ADC 1.3 719
13.555 6 FINKEN_SENSOR_MODEL 108 40 167 202 0. 0. 1.296875 -0.361328 -3.057861 -0.049561 0. 0. 0. 1.337646 -2.760498 0.217041 -3.262695 0.731445 9.094727
13.577 6 ROTORCRAFT_NAV_STATUS 31 31 120. 0. 1 2 3
13.652 6 FINKEN_SENSOR_MODEL 97 42 166 232 0. 0. 1.296875 -0.074707 -2.975342 -0.032471 0. 0. 0. -0.015869 -2.868896 0.164795 -0.588867 2.519531 9.176758
13.722 6 ROTORCRAFT_FP 0 0 -652 0 0 -807233 -12572 643 -112 -637 30720 142 0 0 4
13.797 6 FINKEN_SENSOR_MODEL 57 43 166 233 0. 0. 1.296875 0.173096 -3.082031 -0.028564 0. 0. 0. -1.615234 -1.984619 0.354248 2.839844 0.285156 9.866211
13.874 6 FINKEN_SENSOR_MODEL 50 45 166 207 0. 0. 1.296875 0.332031 3.049561 -0.058105 0. 0. 0. -1.048096 -1.057617 0.149902 4.455078 -1.939453 9.205078
13.955 6 FINKEN_SENSOR_MODEL 68 46 168 199 0. 0. 1.296875 0.340576 3.047607 -0.023193 0. 0. 0. 0.756592 0.545898 -0.070068 4.050781 -1.202148 8.832031
14.052 6 FINKEN_SENSOR_MODEL 74 48 167 200 0. 0. 1.296875 0.250977 -3.119385 -0.003174 0. 0. 0. 1.083252 1.24292 -0.346924 3.214844 0.285156 9.142578
14.054 6 LINK_REPORT 6 -1 14 0 7466 137 32 904. 16. 3 -1.44846290835e+12
14.153 6 FINKEN_SENSOR_MODEL 75 47 167 200 0. 0. 1.296875 0.09082 -3.041016 0.01709 0. 0. 0. 0.066895 1.935791 -0.204102 1.443359 1.967773 9.233398
14.252 6 FINKEN_SENSOR_MODEL 77 47 167 198 0. 0. 1.296875 -0.110352 -3.100586 0.016357 0. 0. 0. -0.844971 1.644043 -0.05957 -1.985352 -0.68457 11.086914
14.353 6 FINKEN_SENSOR_MODEL 82 45 169 198 0. 0. 1.296875 -0.182617 -3.124756 0.015381 0. 0. 0. 0.449951 -0.111572 0.033936 -2.28418 -0.693359 9.673828
14.451 6 FINKEN_SENSOR_MODEL 76 44 169 200 0. 0. 1.296875 -0.095459 -3.057617 0.017334 0. 0. 0. 0.32666 -1.423828 0.054199 -0.788086 1.796875 10.602539
14.464 6 FINKEN_IR_ADC 1.3 561
14.550 6 FINKEN_SENSOR_MODEL 52 44 169 203 0. 0. 1.296875 0.028564 -3.096436 0.023438 0. 0. 0. -0.881104 -0.8396 0.061523 1.438477 0.227539 9.660156
14.572 6 ROTORCRAFT_NAV_STATUS 32 32 120. 0. 1 2 3
14.647 6 FINKEN_SENSOR_MODEL 53 45 170 209 0. 0. 1.296875 0.057373 3.138672 0.024658 0. 0. 0. 0.015869 0.246826 0.00415 1.552734 -0.845703 8.975586
14.716 6 ROTORCRAFT_FP 0 0 -136 0 0 1049398 -12712 -46 105 -637 30720 142 0 0 4
14.796 6 FINKEN_SENSOR_MODEL 77 47 171 210 0. 0. 1.296875 -0.015381 -3.101318 0.025635 0. 0. 0. 0.543701 1.093994 -0.029785 0.375 0.308594 10.158203
14.869 6 FINKEN_SENSOR_MODEL 78 49 169 205 0. 0. 1.296875 -0.094727 -3.072998 0.023438 0. 0. 0. -0.073242 0.289307 -0.018066 -1.139648 0.883789 9.866211
14.946 6 FINKEN_SENSOR_MODEL 57 47 169 203 0. 0. 1.296875 -0.061523 -3.095215 0.02832 0. 0. 0. -0.281982 -0.758545 -0.007324 -0.270508 0.289062 9.879883
15.048 6 FINKEN_SENSOR_MODEL 49 46 170 200 0. 0. 1.296875 -0.003174 -3.11084 0.033203 0. 0. 0. -0.057373 -0.188232 -0.012695 0.94043 0.071289 9.574219
15.055 6 LINK_REPORT 6 -1 15 0 8303 150 32 837. 13. 3 -1.44846290835e+12
15.147 6 FINKEN_SENSOR_MODEL 46 51 171 199 0. 0. 1.296875 -0.026123 -3.10376 0.03418 0. 0. 0. 0.105225 0.498047 -0.009521 0.204102 0.255859 9.770508
15.249 6 FINKEN_SENSOR_MODEL 45 55 170 199 0. 0. 1.296875 -0.058105 -3.093018 0.034424 0. 0. 0. 0.02002 0.034912 -0.008301 -0.517578 0.436523 9.879883
15.271 6 ALIVE 200,125,168,22,34,53,61,96,85,248,81,176,59,195,91,18
15.347 6 FINKEN_SENSOR_MODEL 47 50 170 199 0. 0. 1.296875 -0.038574 -3.098389 0.037842 0. 0. 0. -0.134033 -0.240479 -0.011475 0.166016 0.313477 9.741211
15.371 6 ROTORCRAFT_STATUS 0 36 0 46 0 0 0 0 0 0 125 44
15.450 6 FINKEN_SENSOR_MODEL 46 47 170 200 0. 0. 1.296875 -0.03125 -3.10498 0.040527 0. 0. 0. -0.014893 0.120117 -0.010498 0.327148 0.18457 9.693359
15.460 6 FINKEN_IR_ADC 1.3 541
15.545 6 FINKEN_SENSOR_MODEL 46 45 171 199 0. 0. 1.296875 -0.04541 -3.098389 0.041748 0. 0. 0. 0.044678 0.088135 -0.011475 -0.174805 0.365234 9.841797
15.712 6 ROTORCRAFT_FP 0 0 -5 0 0 1121077 -12710 -156 190 -637 30720 142 0 0 4
15.754 6 INS 0 0 3 0 0 -1125199 140 200 -2101
15.775 6 WP_MOVED_ENU 0 10529 10974 16640
15.862 6 FINKEN_SENSOR_MODEL 46 45 170 200 0. 0. 1.296875 -0.043457 -3.099365 0.04834 0. 0. 0. 0.010498 0.051025 -0.009521 0.003906 0.341797 9.808594
15.895 6 INS_REF 463580755 10300661 436507982 434622299 12728900 236843 185000 99902.
15.970 6 FINKEN_SENSOR_MODEL 48 46 171 199 0. 0. 1.296875 -0.04248 -3.100098 0.050537 0. 0. 0. -0.062744 -0.025391 -0.010498 0.080078 0.34668 9.72168
15.982 6 DL_VALUE 15 1.169371
16.055 6 LINK_REPORT 6 -1 16 0 9053 165 33 750. 15. 4 -1.44846291335e+12
16.160 6 FINKEN_SENSOR_MODEL 46 53 171 200 0. 0. 1.296875 -0.043945 -3.099854 0.054932 0. 0. 0. -0.018066 0.025391 -0.008301 0.008789 0.332031 9.779297
16.179 6 FINKEN_SYSTEM_SET_POINT 0.6 0. 0. 0.
16.260 6 FINKEN_SENSOR_MODEL 47 53 171 203 0. 0. 1.296875 -0.043213 -3.101318 0.057373 0. 0. 0. -0.043457 -0.005127 -0.010498 0.056641 0.237305 9.770508
16.342 6 FINKEN_SENSOR_MODEL 49 47 171 203 0. 0. 1.296875 -0.043213 -3.101318 0.05957 0. 0. 0. -0.012695 0.025391 -0.009521 0.089844 0.237305 9.760742
16.444 6 FINKEN_SENSOR_MODEL 49 45 171 205 0. 0. 1.296875 -0.044678 -3.10083 0.061523 0. 0. 0. -0.030762 0.010498 -0.009521 0.037109 0.332031 9.832031
16.458 6 FINKEN_IR_ADC 1.3 542
16.541 6 FINKEN_SENSOR_MODEL 49 45 170 203 0. 0. 1.296875 -0.044189 -3.101807 0.063721 0. 0. 0. -0.029785 0.005127 -0.010498 0.061523 0.255859 9.851562
16.567 6 ROTORCRAFT_NAV_STATUS 34 34 120. 0. 1 2 3
16.644 6 FINKEN_SENSOR_MODEL 48 45 170 201 0. 0. 1.296875 -0.044678 -3.101562 0.065918 0. 0. 0. -0.02124 0.025391 -0.012695 -0.003906 0.323242 9.856445
16.789 6 FINKEN_SENSOR_MODEL 48 48 170 203 0. 0. 1.296875 -0.045654 -3.101807 0.068359 0. 0. 0. -0.029785 0.007324 -0.007324 0.008789 0.313477 9.746094
16.868 6 FINKEN_SENSOR_MODEL 46 48 170 206 0. 0. 1.296875 -0.045166 -3.102051 0.070557 0. 0. 0. -0.023193 0.015869 -0.010498 0.061523 0.285156 9.770508
16.941 6 FINKEN_SENSOR_MODEL 45 48 170 202 0. 0. 1.296875 -0.046143 -3.102051 0.072754 0. 0. 0. -0.025391 0.02002 -0.010498 0.02832 0.270508 9.78418
17.040 6 FINKEN_SENSOR_MODEL 48 50 170 200 0. 0. 1.296875 -0.046387 -3.102295 0.074951 0. 0. 0. -0.029785 0.012695 -0.010498 0.104492 0.323242 9.72168
17.055 6 LINK_REPORT 6 -1 17 0 9848 178 35 795. 13. 4 -1.44846291335e+12
17.138 6 FINKEN_SENSOR_MODEL 50 56 170 200 0. 0. 1.296875 -0.046387 -3.102295 0.076904 0. 0. 0. -0.024414 0.016846 -0.009521 0.066406 0.260742 9.770508
17.239 6 FINKEN_SENSOR_MODEL 50 55 170 200 0. 0. 1.296875 -0.047119 -3.102539 0.079346 0. 0. 0. -0.029785 0.011475 -0.009521 0.070312 0.242188 9.750977
17.268 6 ALIVE 200,125,168,22,34,53,61,96,85,248,81,176,59,195,91,18
17.349 6 FINKEN_SENSOR_MODEL 50 46 170 200 0. 0. 1.296875 -0.047119 -3.102783 0.081543 0. 0. 0. -0.024414 0.009521 -0.010498 0.099609 0.24707 9.789062
17.370 6 ROTORCRAFT_STATUS 0 36 0 45 0 0 0 0 0 0 126 46
17.447 6 FINKEN_SENSOR_MODEL 47 44 170 200 0. 0. 1.296875 -0.047607 -3.102783 0.08374 0. 0. 0. -0.025391 0.016846 -0.012695 0.018555 0.255859 9.755859
17.460 6 FINKEN_IR_ADC 1.3 549
17.537 6 FINKEN_SENSOR_MODEL 45 44 170 200 0. 0. 1.296875 -0.047852 -3.103027 0.085938 0. 0. 0. -0.027588 0.013672 -0.008301 0.118164 0.318359 9.808594
17.569 6 ROTORCRAFT_NAV_STATUS 35 35 120. 0. 1 2 3
17.643 6 FINKEN_SENSOR_MODEL 46 43 170 200 0. 0. 1.296875 -0.048096 -3.103271 0.088135 0. 0. 0. -0.023193 0.014893 -0.010498 0.066406 0.265625 9.774414
17.712 6 ROTORCRAFT_FP 0 0 -31 0 0 902525 -12712 -199 371 -637 30720 142 0 0 4
17.788 6 FINKEN_SENSOR_MODEL 48 42 170 199 0. 0. 1.296875 -0.048584 -3.103516 0.090332 0. 0. 0. -0.02002 0.016846 -0.011475 0.018555 0.313477 9.827148
17.864 6 FINKEN_SENSOR_MODEL 48 41 170 199 0. 0. 1.296875 -0.048828 -3.103516 0.092773 0. 0. 0. -0.027588 0.010498 -0.013672 0.12793 0.275391 9.808594
17.942 6 FINKEN_SENSOR_MODEL 49 40 170 198 0. 0. 1.296875 -0.049072 -3.10376 0.094971 0. 0. 0. -0.024414 0.013672 -0.013672 0.013672 0.227539 9.774414
18.039 6 FINKEN_SENSOR_MODEL 49 39 171 198 0. 0. 1.296875 -0.049561 -3.10376 0.097412 0. 0. 0. -0.026367 0.015869 -0.010498 0.089844 0.232422 9.798828
18.057 6 LINK_REPORT 6 -1 18 0 10731 193 35 883. 15. 4 -1.44846291335e+12
18.137 6 FINKEN_SENSOR_MODEL 49 39 170 201 0. 0. 1.296875 -0.049805 -3.104004 0.099609 0. 0. 0. -0.027588 0.014893 -0.009521 0.008789 0.308594 9.736328
18.239 6 FINKEN_SENSOR_MODEL 46 39 170 203 0. 0. 1.296875 -0.050049 -3.104248 0.101807 0. 0. 0. -0.025391 0.013672 -0.010498 0.051758 0.232422 9.750977
18.336 6 FINKEN_SENSOR_MODEL 44 39 170 200 0. 0. 1.296875 -0.050537 -3.104248 0.104248 0. 0. 0. -0.027588 0.012695 -0.009521 0.013672 0.293945 9.708008
18.434 6 FINKEN_SENSOR_MODEL 57 38 172 197 0. 0. 1.296875 -0.050537 -3.104492 0.106445 0. 0. 0. -0.027588 0.012695 -0.010498 0.132812 0.265625 9.688477
18.461 6 FINKEN_IR_ADC 1.3 533
18.536 6 FINKEN_SENSOR_MODEL 61 38 171 197 0. 0. 1.296875 -0.051025 -3.104736 0.108887 0. 0. 0. -0.027588 0.013672 -0.009521 0.070312 0.255859 9.798828
18.568 6 ROTORCRAFT_NAV_STATUS 36 36 120. 0. 1 2 3
18.646 6 FINKEN_SENSOR_MODEL 49 38 171 197 0. 0. 1.296875 -0.05127 -3.10498 0.111084 0. 0. 0. -0.025391 0.012695 -0.010498 0.056641 0.217773 9.760742
18.711 6 ROTORCRAFT_FP 0 0 -52 0 0 872880 -12718 -211 466 -637 30720 142 0 0 4
18.943 6 FINKEN_SENSOR_MODEL 47 40 172 195 0. 0. 1.296875 -0.052002 -3.105469 0.118164 0. 0. 0. -0.029785 0.012695 -0.011475 0.070312 0.265625 9.741211
18.963 6 DL_VALUE 16 0.85
19.039 6 FINKEN_SENSOR_MODEL 49 40 172 195 0. 0. 1.296875 -0.052246 -3.105469 0.120361 0. 0. 0. -0.025391 0.013672 -0.010498 0.033203 0.313477 9.669922
19.057 6 LINK_REPORT 6 -1 19 0 11431 205 36 700. 12. 4 -1.44846291335e+12
19.069 6 FINKEN_ACTUATORS_MODEL 2.085474 -2.605112 0. 0.223806
19.148 6 FINKEN_SENSOR_MODEL 50 41 172 195 0. 0. 1.296875 -0.05249 -3.105713 0.122803 0. 0. 0. -0.026367 0.013672 -0.010498 0.075195 0.293945 9.818359
19.169 6 FINKEN_SYSTEM_SET_POINT 0.6 0. 0. 0.
19.247 6 FINKEN_SENSOR_MODEL 50 41 172 196 0. 0. 1.296875 -0.052734 -3.105957 0.125 0. 0. 0. -0.024414 0.012695 -0.012695 0.113281 0.293945 9.856445
19.271 6 ALIVE 200,125,168,22,34,53,61,96,85,248,81,176,59,195,91,18
19.349 6 FINKEN_SENSOR_MODEL 50 43 173 196 0. 0. 1.296875 -0.052979 -3.105957 0.127441 0. 0. 0. -0.025391 0.014893 -0.011475 0.061523 0.237305 9.813477
19.374 6 ROTORCRAFT_STATUS 0 36 0 46 0 0 0 0 0 0 126 48
19.452 6 FINKEN_SENSOR_MODEL 50 44 174 195 0. 0. 1.296875 -0.053223 -3.106201 0.129883 0. 0. 0. -0.028564 0.010498 -0.012695 0.061523 0.370117 9.884766
19.462 6 FINKEN_IR_ADC 1.3 532
19.539 6 FINKEN_SENSOR_MODEL 50 45 172 195 0. 0. 1.296875 -0.053467 -3.106445 0.13208 0. 0. 0. -0.026367 0.018066 -0.010498 0.033203 0.260742 9.779297
19.566 6 ROTORCRAFT_NAV_STATUS 37 37 120. 0. 1 2 3
19.643 6 FINKEN_SENSOR_MODEL 50 46 171 195 0. 0. 1.296875 -0.053711 -3.106445 0.134521 0. 0. 0. -0.023193 0.014893 -0.008301 0.056641 0.332031 9.736328
19.712 6 ROTORCRAFT_FP 0 0 -13 0 0 920429 -12725 -222 562 -637 30720 142 0 0 4
19.829 6 FINKEN_SENSOR_MODEL 46 49 171 196 0. 0. 1.296875 -0.054199 -3.106934 0.139404 0. 0. 0. -0.023193 0.011475 -0.009521 0.075195 0.293945 9.755859
19.930 6 FINKEN_SENSOR_MODEL 45 51 172 196 0. 0. 1.296875 -0.054443 -3.106934 0.141602 0. 0. 0. -0.026367 0.012695 -0.011475 -0.008789 0.318359 9.770508
20.027 6 FINKEN_SENSOR_MODEL 45 47 174 196 0. 0. 1.296875 -0.054688 -3.107178 0.144043 0. 0. 0. -0.029785 0.016846 -0.012695 0.104492 0.303711 9.875
20.057 6 LINK_REPORT 6 -1 20 0 12284 221 36 853. 16. 4 -1.44846291335e+12
20.130 6 FINKEN_SENSOR_MODEL 45 45 175 196 0. 0. 1.296875 -0.054932 -3.107422 0.146484 0. 0. 0. -0.027588 0.014893 -0.013672 0.037109 0.232422 9.866211
20.228 6 FINKEN_SENSOR_MODEL 45 45 176 194 0. 0. 1.296875 -0.055176 -3.107422 0.148926 0. 0. 0. -0.029785 0.013672 -0.010498 0.033203 0.293945 9.755859
20.328 6 FINKEN_SENSOR_MODEL 45 45 174 193 0. 0. 1.296875 -0.055176 -3.107666 0.151367 0. 0. 0. -0.026367 0.012695 -0.010498 0.066406 0.303711 9.808594
20.426 6 FINKEN_SENSOR_MODEL 45 45 174 193 0. 0. 1.296875 -0.05542 -3.10791 0.153809 0. 0. 0. -0.027588 0.011475 -0.010498 0.094727 0.260742 9.879883
20.458 6 FINKEN_IR_ADC 1.3 552
20.534 6 FINKEN_SENSOR_MODEL 46 46 217 194 0. 0. 1.296875 -0.055664 -3.10791 0.15625 0. 0. 0. -0.026367 0.013672 -0.010498 0.089844 0.313477 9.870117
20.709 6 ROTORCRAFT_FP 0 0 -48 0 0 815429 -12732 -229 662 -637 30720 142 0 0 4
20.756 6 INS 0 0 46 0 0 -818993 213 57 -1734
20.773 6 WP_MOVED_ENU 1 -637 30720 16640
20.854 6 FINKEN_SENSOR_MODEL 47 43 179 192 0. 0. 1.296875 -0.056152 -3.108398 0.163574 0. 0. 0. -0.027588 0.013672 -0.009521 0.041992 0.351562 9.808594
20.891 6 INS_REF 463580755 10300661 436507982 434622299 12728900 236843 185000 99902.
20.970 6 FINKEN_SENSOR_MODEL 47 43 179 192 0. 0. 1.296875 -0.056152 -3.108643 0.166016 0. 0. 0. -0.025391 0.012695 -0.009521 0.066406 0.222656 9.803711
21.046 6 FINKEN_SENSOR_MODEL 48 43 178 191 0. 0. 1.296875 -0.056396 -3.108887 0.168457 0. 0. 0. -0.02124 0.010498 -0.012695 0.099609 0.308594 9.741211
21.057 6 LINK_REPORT 6 -1 21 0 13051 234 37 767. 13. 5 -1.44846291835e+12
21.122 6 FINKEN_SENSOR_MODEL 48 43 176 190 0. 0. 1.296875 -0.056641 -3.108887 0.170898 0. 0. 0. -0.028564 0.014893 -0.011475 0.094727 0.275391 9.818359
21.222 6 FINKEN_SENSOR_MODEL 49 44 175 190 0. 0. 1.296875 -0.056641 -3.109131 0.173584 0. 0. 0. -0.024414 0.014893 -0.011475 0.037109 0.242188 9.875
21.370 6 ROTORCRAFT_STATUS 0 36 0 45 0 0 0 0 0 0 126 50
21.538 6 FINKEN_SENSOR_MODEL 47 46 172 190 0. 0. 1.296875 -0.057129 -3.109619 0.181152 0. 0. 0. -0.028564 0.012695 -0.011475 0.075195 0.237305 9.669922
21.566 6 ROTORCRAFT_NAV_STATUS 39 39 120. 0. 1 2 3
21.643 6 FINKEN_SENSOR_MODEL 49 46 172 191 0. 0. 1.296875 -0.057129 -3.109619 0.183594 0. 0. 0. -0.026367 0.018066 -0.009521 0.066406 0.255859 9.774414
21.712 6 ROTORCRAFT_FP 0 0 -77 0 0 766700 -12738 -235 765 -637 30720 142 0 0 4
21.763 6 WIND_INFO 6 42 0. 0. 0.
22.019 6 FINKEN_SENSOR_MODEL 47 42 171 190 0. 0. 1.296875 -0.057617 -3.110352 0.193848 0. 0. 0. -0.027588 0.010498 -0.008301 0. 0.251953 9.741211
22.035 6 DL_VALUE 17 50.
22.057 6 LINK_REPORT 6 -1 22 0 13540 243 40 489. 9. 6 -1.44846291835e+12
22.121 6 FINKEN_SENSOR_MODEL 47 41 171 190 0. 0. 1.296875 -0.057861 -3.110596 0.196289 0. 0. 0. -0.026367 0.015869 -0.009521 0.123047 0.298828 9.975586
22.146 6 FINKEN_ACTUATORS_MODEL 2.940552 -4.251076 0. 0.207287
22.220 6 FINKEN_SENSOR_MODEL 48 41 171 190 0. 0. 1.296875 -0.057861 -3.110596 0.198975 0. 0. 0. -0.027588 0.018066 -0.008301 0.041992 0.242188 9.774414
22.246 6 FINKEN_SYSTEM_SET_POINT 0.6 0. 0. 0.
22.322 6 FINKEN_SENSOR_MODEL 47 44 171 190 0. 0. 1.296875 -0.058105 -3.11084 0.20166 0. 0. 0. -0.025391 0.012695 -0.009521 0.023438 0.303711 9.765625
22.419 6 FINKEN_SENSOR_MODEL 47 50 170 190 0. 0. 1.296875 -0.058105 -3.11084 0.204102 0. 0. 0. -0.030762 0.013672 -0.011475 0.056641 0.255859 9.9375
22.519 6 FINKEN_SENSOR_MODEL 48 55 170 190 0. 0. 1.296875 -0.058105 -3.11084 0.206787 0. 0. 0. -0.026367 0.013672 -0.008301 0.080078 0.389648 9.78418
22.530 6 FINKEN_IR_ADC 1.3 555
22.618 6 FINKEN_SENSOR_MODEL 49 64 170 192 0. 0. 1.296875 -0.058105 -3.111084 0.209473 0. 0. 0. -0.028564 0.011475 -0.008301 0.008789 0.289062 9.808594
22.640 6 ROTORCRAFT_NAV_STATUS 40 40 120. 0. 1 2 3
22.718 6 FINKEN_SENSOR_MODEL 49 63 170 194 0. 0. 1.296875 -0.05835 -3.111084 0.211914 0. 0. 0. -0.023193 0.013672 -0.011475 0.080078 0.260742 9.770508
22.815 6 FINKEN_SENSOR_MODEL 49 58 169 193 0. 0. 1.296875 -0.058594 -3.111328 0.2146 0. 0. 0. -0.025391 0.006348 -0.008301 0.023438 0.360352 9.808594
22.918 6 FINKEN_SENSOR_MODEL 77 48 169 193 0. 0. 1.296875 -0.058594 -3.111572 0.217285 0. 0. 0. -0.027588 0.012695 -0.010498 0.070312 0.237305 9.832031
23.016 6 FINKEN_SENSOR_MODEL 96 34 172 191 0. 0. 1.296875 -0.058838 -3.111572 0.219971 0. 0. 0. -0.02124 0.015869 -0.009521 0.041992 0.275391 9.818359
23.058 6 LINK_REPORT 6 -1 23 0 14357 257 40 817. 14. 6 -1.44846291835e+12
23.126 6 FINKEN_SENSOR_MODEL 63 33 177 191 0. 0. 1.296875 -0.058838 -3.111816 0.222656 0. 0. 0. -0.026367 0.013672 -0.010498 0.070312 0.351562 9.78418
23.214 6 FINKEN_SENSOR_MODEL 42 32 177 192 0. 0. 1.296875 -0.058838 -3.111816 0.225342 0. 0. 0. -0.026367 0.014893 -0.011475 0.066406 0.370117 9.899414
23.315 6 FINKEN_SENSOR_MODEL 73 32 179 194 0. 0. 1.296875 -0.059082 -3.112061 0.228027 0. 0. 0. -0.025391 0.012695 -0.008301 0.070312 0.275391 9.741211
23.339 6 ALIVE 200,125,168,22,34,53,61,96,85,248,81,176,59,195,91,18
23.419 6 FINKEN_SENSOR_MODEL 83 34 175 192 0. 0. 1.296875 -0.059082 -3.112061 0.230713 0. 0. 0. -0.023193 0.011475 -0.011475 0.108398 0.370117 9.808594
23.439 6 ROTORCRAFT_STATUS 0 36 0 45 0 0 0 0 0 0 126 52
23.516 6 FINKEN_SENSOR_MODEL 49 35 170 193 0. 0. 1.296875 -0.059082 -3.112305 0.233398 0. 0. 0. -0.028564 0.015869 -0.010498 0.02832 0.289062 9.693359
23.531 6 FINKEN_IR_ADC 1.3 536
23.615 6 FINKEN_SENSOR_MODEL 49 38 170 197 0. 0. 1.296875 -0.059326 -3.112305 0.236084 0. 0. 0. -0.02002 0.009521 -0.007324 0.075195 0.280273 9.96582
23.635 6 ROTORCRAFT_NAV_STATUS 41 41 120. 0. 1 2 3
23.716 6 FINKEN_SENSOR_MODEL 82 36 172 197 0. 0. 1.296875 -0.059326 -3.112549 0.239014 0. 0. 0. -0.030762 0.022217 -0.012695 -0.013672 0.142578 9.894531
23.815 6 FINKEN_SENSOR_MODEL 84 33 171 192 0. 0. 1.296875 -0.05957 -3.112793 0.241699 0. 0. 0. -0.025391 0.008301 -0.010498 0.099609 0.341797 9.741211
23.912 6 FINKEN_SENSOR_MODEL 57 35 170 191 0. 0. 1.296875 -0.059326 -3.112793 0.244385 0. 0. 0. -0.029785 0.019043 -0.010498 0.108398 0.222656 9.645508
24.012 6 FINKEN_SENSOR_MODEL 46 40 172 193 0. 0. 1.296875 -0.05957 -3.113037 0.247314 0. 0. 0. -0.025391 0.010498 -0.011475 0.066406 0.313477 9.750977
24.058 6 LINK_REPORT 6 -1 24 0 15176 271 40 819. 14. 6 -1.44846291835e+12
24.114 6 FINKEN_SENSOR_MODEL 40 38 177 194 0. 0. 1.296875 -0.05957 -3.113037 0.25 0. 0. 0. -0.028564 0.014893 -0.011475 0.099609 0.289062 9.741211
24.213 6 FINKEN_SENSOR_MODEL 49 36 174 194 0. 0. 1.296875 -0.059814 -3.113281 0.25293 0. 0. 0. -0.026367 0.018066 -0.010498 -0.008789 0.303711 9.750977
24.312 6 FINKEN_SENSOR_MODEL 83 37 170 194 0. 0. 1.296875 -0.059814 -3.113281 0.255615 0. 0. 0. -0.026367 0.010498 -0.009521 0.061523 0.298828 9.688477
24.409 6 FINKEN_SENSOR_MODEL 94 38 170 195 0. 0. 1.296875 -0.059814 -3.113525 0.258301 0. 0. 0. -0.029785 0.019043 -0.010498 0.123047 0.308594 9.726562
24.510 6 FINKEN_SENSOR_MODEL 94 34 170 196 0. 0. 0.390625 -0.059814 -3.11377 0.26123 0. 0. 0. -0.022217 0.011475 -0.011475 0.080078 0.327148 9.841797
24.520 6 FINKEN_IR_ADC 0.244571 2466
24.611 6 FINKEN_SENSOR_MODEL 84 32 170 196 0. 0. 0.242188 -0.058594 -3.11377 0.263916 0. 0. 0. 0.040283 -0.106201 -0.000977 -0.393555 -0.242188 9.119141
24.631 6 ROTORCRAFT_NAV_STATUS 42 42 120. 0. 1 2 3
24.707 6 FINKEN_SENSOR_MODEL 56 30 171 197 0. 0. 0.242188 -0.035889 -3.103516 0.268066 0. 0. 0. -0.226562 -0.066895 0.005127 0.745117 1.202148 8.754883
24.776 6 ROTORCRAFT_FP 0 0 -108 0 0 755508 -12744 -173 1098 -637 30720 142 0 0 4
24.857 6 FINKEN_SENSOR_MODEL 46 30 191 197 0. 0. 0.242188 -0.043945 -3.102539 0.270752 0. 0. 0. 0.428711 -0.217041 -0.052002 -0.204102 0.118164 10.689453
24.932 6 FINKEN_SENSOR_MODEL 46 31 205 198 0. 0. 0.242188 -0.008057 -3.074707 0.238281 0. 0. 0. -0.105225 0.279785 1.316406 1.766602 0.679688 10.100586
25.007 6 FINKEN_SENSOR_MODEL 45 33 185 198 0. 0. 0.242188 -0.037842 -3.060547 0.185303 0. 0. 0. -0.154297 0.348877 -0.354248 1.637695 0.232422 10.488281
25.018 6 DL_VALUE 18 100.
25.059 6 LINK_REPORT 6 -1 25 0 16024 285 40 848. 14. 6 -1.44846291835e+12
25.232 6 FINKEN_SYSTEM_SET_POINT 0.6 0. 0. 0.
25.307 6 FINKEN_SENSOR_MODEL 44 32 114 202 0. 0. 0.242188 0.559326 -3.122803 0.607422 0. 0. 0. -2.161377 -4.784668 -1.783447 5.086914 -0.588867 6.260742
25.332 6 ALIVE 200,125,168,22,34,53,61,96,85,248,81,176,59,195,91,18
25.408 6 FINKEN_SENSOR_MODEL 58 30 146 204 0. 0. 0.242188 1.041504 -3.071045 0.951172 0. 0. 0. -1.9729 -5.213379 -2.245361 9.394531 0.046875 4.729492
25.432 6 ROTORCRAFT_STATUS 0 36 0 46 0 0 0 0 0 0 126 54
25.513 6 FINKEN_SENSOR_MODEL 79 28 168 148 0. 0. 0.242188 1.404053 -1.650146 2.545898 0. 0. 0. -0.353271 -5.047363 -0.67041 8.958008 1.520508 2.737305
25.521 6 FINKEN_IR_ADC 0.2 4095
25.642 6 UART_ERRORS 0 0 0 3
25.719 6 FINKEN_SENSOR_MODEL 269 106 168 68 0. 0. 0.242188 0.908936 -0.116699 -2.152832 0. 0. 0. 0.060547 -1.843018 0.328613 7.875 -0.636719 -4.302734
25.763 6 INS 0 0 76 0 0 -611452 -1819 688 -898
25.840 6 FINKEN_SENSOR_MODEL 175 159 168 71 0. 0. 0.242188 0.740967 -0.105469 -2.098633 0. 0. 0. -0.633057 -1.003418 0.224365 7.755859 -0.255859 -9.78418
25.861 6 WP_MOVED_ENU 0 10529 10974 16640
25.937 6 FINKEN_SENSOR_MODEL 34 168 168 62 0. 0. 0.242188 0.656006 -0.099854 -2.076172 0. 0. 0. 0.635254 -1.016113 0.921387 6.283203 0.959961 -7.850586
25.977 6 INS_REF 463580755 10300661 436507982 434622299 12728900 236843 185000 99902.
26.051 6 FINKEN_SENSOR_MODEL 32 161 168 50 0. 0. 0.242188 0.67749 -0.000244 -2.011475 0. 0. 0. 0.131836 1.251465 -0.394775 6.435547 -0.303711 -8.702148
26.058 6 LINK_REPORT 6 -1 26 0 16734 300 42 710. 15. 7 -1.44846292335e+12
26.130 6 FINKEN_SENSOR_MODEL 30 120 168 49 0. 0. 0.242188 0.760986 -0.060547 -2.053955 0. 0. 0. -0.823486 -0.121094 -0.374512 11.631836 -1.397461 -8.291016
26.209 6 FINKEN_SENSOR_MODEL 29 104 168 49 0. 0. 0.242188 0.601074 -0.087402 -2.025879 0. 0. 0. 0.077637 -1.783447 0.426514 6.649414 0.598633 -13.388672
26.304 6 FINKEN_SENSOR_MODEL 29 98 168 52 0. 0. 0.203125 0.381104 -0.025391 -2. 0. 0. 0. 0.121094 -2.892334 -0.005127 4.44043 -1.392578 -8.027344
26.404 6 FINKEN_SENSOR_MODEL 28 96 168 57 0. 0. 0.238281 0.086182 0.036621 -2.011719 0. 0. 0. 1.51001 -1.766357 0.226562 -0.731445 -3.907227 -10.483398
26.504 6 FINKEN_SENSOR_MODEL 28 96 168 54 0. 0. 0.25 0.088135 -0.013672 -2.023193 0. 0. 0. -1.903809 1.167236 0.072266 -0.517578 -1.064453 -12.029297
26.517 6 FINKEN_IR_ADC 0.254095 2416
26.604 6 FINKEN_SENSOR_MODEL 27 92 168 51 0. 0. 0.25 0.107178 -0.065674 -2.036865 0. 0. 0. 1.113037 -0.630859 0.003174 1.466797 1.84375 -9.34375
26.623 6 ROTORCRAFT_NAV_STATUS 44 44 120. 0. 1 2 3
26.704 6 FINKEN_SENSOR_MODEL 26 81 168 50 0. 0. 0.25 0.088867 -0.02124 -2.043701 0. 0. 0. -0.902344 0.479736 -0.030762 0.375 -0.764648 -10.330078
26.767 6 ROTORCRAFT_FP 0 0 -67 0 0 754708 -214 414 -8401 -637 30720 142 0 0 4
26.848 6 FINKEN_SENSOR_MODEL 26 81 168 50 0. 0. 0.25 0.092529 -0.040527 -2.055908 0. 0. 0. 0.493652 -0.172363 0.000977 0.099609 0.113281 -9.90918
26.922 6 FINKEN_SENSOR_MODEL 26 92 168 48 0. 0. 0.25 0.094238 -0.04248 -2.066895 0. 0. 0. -0.25415 0.033936 -0.016846 0.550781 0.84082 -9.808594
27.002 6 FINKEN_SENSOR_MODEL 26 96 168 48 0. 0. 0.25 0.092041 -0.034424 -2.076904 0. 0. 0. -0.067871 0.046631 -0.009521 0.332031 -0.327148 -9.803711
27.059 6 LINK_REPORT 6 -1 27 0 17571 313 42 837. 13. 7 -1.44846292335e+12
27.103 6 FINKEN_SENSOR_MODEL 26 96 168 48 0. 0. 0.25 0.091797 -0.039307 -2.088135 0. 0. 0. 0.093506 0.00415 -0.008301 0.327148 0.237305 -9.832031
27.200 6 FINKEN_SENSOR_MODEL 37 92 168 48 0. 0. 0.25 0.092041 -0.040527 -2.099121 0. 0. 0. -0.051025 0. -0.011475 0.336914 0.489258 -9.78418
27.300 6 FINKEN_SENSOR_MODEL 45 80 168 48 0. 0. 0.25 0.092041 -0.038818 -2.109375 0. 0. 0. -0.067871 0.014893 -0.011475 0.413086 0.208984 -9.836914
27.322 6 ALIVE 200,125,168,22,34,53,61,96,85,248,81,176,59,195,91,18
27.400 6 FINKEN_SENSOR_MODEL 42 65 168 49 0. 0. 0.25 0.091553 -0.039062 -2.120117 0. 0. 0. -0.007324 0.022217 -0.009521 0.370117 0.123047 -9.84668
27.426 6 ROTORCRAFT_STATUS 0 36 0 45 0 0 0 0 0 0 126 56
27.503 6 FINKEN_SENSOR_MODEL 41 32 168 49 0. 0. 0.25 0.091064 -0.040283 -2.130615 0. 0. 0. -0.015869 0.022217 0.00415 0.341797 0.285156 -9.870117
27.513 6 FINKEN_IR_ADC 0.25181 2428
27.598 6 FINKEN_SENSOR_MODEL 39 22 168 49 0. 0. 0.25 0.091064 -0.040283 -2.141113 0. 0. 0. -0.036133 0.011475 -0.012695 0.355469 0.232422 -9.813477
27.620 6 ROTORCRAFT_NAV_STATUS 45 45 120. 0. 1 2 3
27.697 6 FINKEN_SENSOR_MODEL 38 24 168 48 0. 0. 0.25 0.091064 -0.040039 -2.151611 0. 0. 0. -0.034912 0.009521 -0.010498 0.393555 0.24707 -9.827148
27.768 6 ROTORCRAFT_FP 0 0 -54 0 0 778666 -166 371 -8834 -637 30720 142 0 0 4
27.841 6 FINKEN_SENSOR_MODEL 36 23 168 48 0. 0. 0.25 0.090576 -0.040527 -2.162109 0. 0. 0. -0.02002 0.015869 -0.011475 0.298828 0.189453 -9.808594
27.917 6 FINKEN_SENSOR_MODEL 35 22 168 46 0. 0. 0.25 0.090332 -0.040771 -2.172607 0. 0. 0. -0.022217 0.016846 -0.008301 0.265625 0.313477 -9.688477
27.996 6 FINKEN_SENSOR_MODEL 35 23 168 46 0. 0. 0.25 0.090088 -0.041016 -2.182617 0. 0. 0. -0.031738 0.018066 -0.006348 0.365234 0.222656 -9.827148
28.006 6 DL_VALUE 19 20.
28.059 6 LINK_REPORT 6 -1 28 0 18465 329 42 894. 16. 7 -1.44846292335e+12
28.098 6 FINKEN_SENSOR_MODEL 36 25 168 46 0. 0. 0.25 0.089844 -0.041016 -2.192871 0. 0. 0. -0.030762 0.012695 -0.008301 0.317383 0.260742 -9.818359
28.120 6 FINKEN_ACTUATORS_MODEL 3.149159 -4.244278 0. 0.271773
28.199 6 FINKEN_SENSOR_MODEL 36 24 168 47 0. 0. 0.25 0.0896 -0.04126 -2.203125 0. 0. 0. -0.024414 0.013672 -0.008301 0.293945 0.189453 -9.660156
28.218 6 FINKEN_SYSTEM_SET_POINT 0.6 0. 0. 0.
28.298 6 FINKEN_SENSOR_MODEL 37 24 168 45 0. 0. 0.25 0.089355 -0.041504 -2.213379 0. 0. 0. -0.025391 0.016846 -0.009521 0.341797 0.175781 -9.793945
28.393 6 FINKEN_SENSOR_MODEL 37 24 168 45 0. 0. 0.25 0.089111 -0.041748 -2.223633 0. 0. 0. -0.030762 0.013672 -0.011475 0.293945 0.24707 -9.741211
28.495 6 FINKEN_SENSOR_MODEL 37 25 168 47 0. 0. 0.25 0.088867 -0.041748 -2.233643 0. 0. 0. -0.027588 0.014893 -0.011475 0.379883 0.260742 -9.914062
28.506 6 FINKEN_IR_ADC 0.251238 2431
28.594 6 FINKEN_SENSOR_MODEL 37 30 168 47 0. 0. 0.25 0.089111 -0.041748 -2.243652 0. 0. 0. -0.00415 0.07959 -0.008301 0.493164 0.199219 -9.78418
28.620 6 ROTORCRAFT_NAV_STATUS 46 46 120. 0. 1 2 3
28.696 6 FINKEN_SENSOR_MODEL 38 38 168 47 0. 0. 0.25 0.085938 -0.042969 -2.25415 0. 0. 0. -0.02002 0.171143 0.012695 -0.075195 0.265625 -9.96582
28.762 6 ROTORCRAFT_FP 0 0 -80 0 0 717284 -170 372 -9254 -637 30720 142 0 0 4
28.835 6 FINKEN_SENSOR_MODEL 39 32 168 46 0. 0. 0.25 0.086426 -0.042725 -2.263916 0. 0. 0. -0.044678 -0.037109 -0.003174 -0.089844 0.379883 -9.789062
28.917 6 FINKEN_SENSOR_MODEL 40 25 168 46 0. 0. 0.25 0.088135 -0.041992 -2.273682 0. 0. 0. -0.037109 -0.044678 -0.012695 0.436523 0.166016 -9.789062
28.991 6 FINKEN_SENSOR_MODEL 43 25 168 46 0. 0. 0.25 0.088135 -0.04248 -2.283447 0. 0. 0. -0.013672 0.010498 -0.008301 0.488281 0.18457 -9.803711
29.059 6 LINK_REPORT 6 -1 29 0 19346 344 42 881. 15. 7 -1.44846292335e+12
29.094 6 FINKEN_SENSOR_MODEL 43 25 168 47 0. 0. 0.25 0.087891 -0.044189 -2.294922 0. 0. 0. -0.114746 -0.895996 0.05835 -0.013672 -0.056641 -10.148438
29.193 6 FINKEN_SENSOR_MODEL 40 24 168 46 0. 0. 0.25 0.093506 -0.043701 -2.306396 0. 0. 0. 0.087158 0.205322 0.012695 1.671875 0.199219 -9.28125
29.292 6 FINKEN_SENSOR_MODEL 38 23 168 42 0. 0. 0.246094 0.080322 -0.048096 -2.315674 0. 0. 0. -0.087158 0.21167 -0.016846 -0.204102 0.669922 -9.995117
29.315 6 ALIVE 200,125,168,22,34,53,61,96,85,248,81,176,59,195,91,18
29.395 6 FINKEN_SENSOR_MODEL 37 24 168 40 0. 0. 0.246094 0.082031 -0.043457 -2.325195 0. 0. 0. -0.103027 -0.083008 -0.007324 -0.179688 -0.02832 -9.952148
29.420 6 ROTORCRAFT_STATUS 0 36 0 46 0 0 0 0 0 0 126 58
29.497 6 FINKEN_SENSOR_MODEL 36 26 231 40 0. 0. 0.246094 0.084717 -0.044434 -2.334961 0. 0. 0. 0.036133 -0.057373 -0.008301 0.50293 0.089844 -9.793945
29.504 6 FINKEN_IR_ADC 0.249905 2438
29.592 6 FINKEN_SENSOR_MODEL 36 24 273 40 0. 0. 0.246094 0.080566 -0.051758 -2.344482 0. 0. 0. -0.110596 -0.154297 -0.179688 0.40332 3.446289 -10.50293
29.612 6 ROTORCRAFT_NAV_STATUS 47 47 120. 0. 1 2 3
29.692 6 FINKEN_SENSOR_MODEL 36 23 273 40 0. 0. 0.246094 0.088867 -0.066895 -2.367676 0. 0. 0. -0.182861 -0.123291 0.006348 -0.375 2.504883 -9.947266
29.759 6 ROTORCRAFT_FP 0 0 -78 0 0 748064 -210 400 -9707 -637 30720 142 0 0 4
29.834 6 FINKEN_SENSOR_MODEL 36 23 273 40 0. 0. 0.25 0.122559 -0.05127 -2.374268 0. 0. 0. -0.220215 0.398926 -0.320312 0.635742 0.570312 -12.915039
30.060 6 LINK_REPORT 6 -1 30 0 20081 357 42 735. 13. 7 -1.44846292335e+12
30.088 6 FINKEN_SENSOR_MODEL 69 26 273 40 0. 0. 0.222656 -0.209473 -0.522949 -2.907227 0. 0. 0. -3.36377 -2.217773 -3.365967 -2.6875 6.792969 -8.635742
30.486 6 FINKEN_SENSOR_MODEL 70 30 127 33 0. 0. 0.578125 -0.848389 -2.330566 -1.945312 0. 0. 0. -2.14209 -2.25708 -0.864014 -6.359375 4.767578 2.900391
30.498 6 FINKEN_IR_ADC 0.7328 984
31.060 6 LINK_REPORT 6 -1 31 0 20241 360 44 160. 3. 8 -1.44846292836e+12
31.109 6 FINKEN_ACTUATORS_MODEL 15. 5.33849 0. 0.359537
31.186 6 FINKEN_SENSOR_MODEL 23 278 29 23 0. 0. 0.316406 -0.234375 -2.844727 -1.376709 0. 0. 0. 0.241455 -0.420166 -0.103027 -1.224609 2.90918 8.482422
31.209 6 FINKEN_SYSTEM_SET_POINT 0.6 0. 0. 0.
31.285 6 FINKEN_SENSOR_MODEL 23 280 38 25 0. 0. 0.300781 -0.22583 -2.849121 -1.358643 0. 0. 0. -0.170166 -0.052002 -0.373535 -1.585938 2.970703 8.357422
31.307 6 ALIVE 200,125,168,22,34,53,61,96,85,248,81,176,59,195,91,18
31.386 6 FINKEN_SENSOR_MODEL 23 281 39 24 0. 0. 0.292969 -0.22168 -2.881592 -1.306396 0. 0. 0. -0.263916 -0.318115 -0.603271 -1.348633 2.995117 8.759766
31.408 6 ROTORCRAFT_STATUS 0 36 0 45 0 0 0 0 0 0 126 60
31.603 6 ROTORCRAFT_NAV_STATUS 49 49 120. 0. 1 2 3
31.684 6 FINKEN_SENSOR_MODEL 23 278 34 23 0. 0. 0.210938 -0.236328 -2.935303 -1.193359 0. 0. 0. -0.296875 -0.226562 -0.493652 -1.091797 2.181641 8.802734
31.751 6 ROTORCRAFT_FP 0 0 206 0 0 697070 -12056 -951 -4819 -637 30720 142 0 0 4
31.763 6 WIND_INFO 6 42 0. 0. 0.
32.060 6 LINK_REPORT 6 -1 32 0 20712 370 47 471. 10. 9 -1.44846292836e+12
33.061 6 LINK_REPORT 6 -1 33 0 20712 370 47 0. 0. 9 -1.44846292836e+12
33.083 6 FINKEN_SENSOR_MODEL 21 282 45 23 0. 0. 0.347656 -0.262451 -2.994385 -1.197998 0. 0. 0. -0.02002 0.037109 0.046631 -2.018555 1.977539 9.617188
33.174 6 FINKEN_SENSOR_MODEL 21 279 45 24 0. 0. 0.351562 -0.260742 -2.99585 -1.20166 0. 0. 0. -0.00415 -0.003174 0.019043 -2.003906 1.834961 9.348633
33.276 6 FINKEN_SENSOR_MODEL 57 215 45 25 0. 0. 0.355469 -0.256592 -2.98291 -1.209473 0. 0. 0. 0.124512 -0.011475 0.108398 -1.851562 2.410156 9.37793
33.301 6 ALIVE 200,125,168,22,34,53,61,96,85,248,81,176,59,195,91,18
33.378 6 FINKEN_SENSOR_MODEL 75 121 45 25 0. 0. 0.347656 -0.255615 -2.984863 -1.220215 0. 0. 0. -0.124512 0.00415 0.083008 -1.813477 2.357422 9.133789
33.400 6 ROTORCRAFT_STATUS 0 36 0 46 0 0 0 0 0 0 126 62
33.984 6 DL_VALUE 21 100.
34.061 6 LINK_REPORT 6 -1 34 0 21065 377 55 353. 7. 9 -1.44846292836e+12
34.072 6 FINKEN_SENSOR_MODEL 35 279 57 23 0. 0. 0.339844 -0.262695 -2.974121 -1.29541 0. 0. 0. 0.076416 -0.010498 0.04248 -1.633789 2.000977 9.40625
34.095 6 FINKEN_ACTUATORS_MODEL -3.911295 -3.289294 0. 0.303854
34.174 6 FINKEN_SENSOR_MODEL 35 278 96 23 0. 0. 0.304688 -0.275879 -2.972656 -1.294189 0. 0. 0. -0.00415 0.17334 -0.116943 -1.994141 2.067383 9.152344
34.195 6 FINKEN_SYSTEM_SET_POINT 0.6 0. 0. 0.
34.274 6 FINKEN_SENSOR_MODEL 32 278 155 23 0. 0. 0.296875 -0.285156 -2.963623 -1.296875 0. 0. 0. 0.095703 0.071289 0.009521 -2.037109 2.209961 9.300781
34.372 6 FINKEN_SENSOR_MODEL 31 278 95 23 0. 0. 0.300781 -0.293945 -2.949951 -1.298584 0. 0. 0. 0.139404 0.146729 -0.099854 -2.241211 2.34375 9.272461
34.473 6 FINKEN_SENSOR_MODEL 33 278 56 23 0. 0. 0.292969 -0.306152 -2.938232 -1.295654 0. 0. 0. -0.023193 0.038086 -0.084961 -2.753906 3.179688 8.759766
34.484 6 FINKEN_IR_ADC 0.271429 2325
34.574 6 FINKEN_SENSOR_MODEL 33 278 56 22 0. 0. 0.257812 -0.30835 -2.952148 -1.286377 0. 0. 0. -0.033936 0.105225 -0.109375 -2.06543 1.772461 9.046875
34.592 6 ROTORCRAFT_NAV_STATUS 52 52 120. 0. 1 2 3
34.674 6 FINKEN_SENSOR_MODEL 30 278 56 22 0. 0. 0.261719 -0.317627 -2.947021 -1.284424 0. 0. 0. 0.032959 0.008301 -0.095703 -2.536133 2.519531 9.003906
34.738 6 ROTORCRAFT_FP 0 0 147 0 0 638481 -12089 -1317 -5237 -637 30720 142 0 0 4
34.815 6 FINKEN_SENSOR_MODEL 30 279 35 22 0. 0. 0.265625 -0.322266 -2.955566 -1.275635 0. 0. 0. -0.126465 -0.02124 -0.115967 -2.711914 2.319336 9.233398
34.891 6 FINKEN_SENSOR_MODEL 30 278 22 22 0. 0. 0.230469 -0.315674 -2.9646 -1.270996 0. 0. 0. -0.047852 -0.101074 -0.029785 -2.332031 2.276367 9.272461
34.968 6 FINKEN_SENSOR_MODEL 30 278 22 22 0. 0. 0.222656 -0.30835 -2.970947 -1.266846 0. 0. 0. 0.022217 -0.104248 -0.014893 -2.426758 2.504883 9.272461
35.061 6 LINK_REPORT 6 -1 35 0 21946 392 55 881. 15. 9 -1.44846292836e+12
35.070 6 FINKEN_SENSOR_MODEL 30 278 23 22 0. 0. 0.230469 -0.309326 -2.977051 -1.278564 0. 0. 0. -0.231934 0.094482 0.090332 -2.189453 2.324219 9.171875
35.167 6 FINKEN_SENSOR_MODEL 30 278 23 22 0. 0. 0.28125 -0.302246 -2.989746 -1.285156 0. 0. 0. -0.081787 -0.198975 -0.015869 -2.536133 1.911133 9.511719
35.268 6 FINKEN_SENSOR_MODEL 30 278 23 22 0. 0. 0.316406 -0.276123 -2.979492 -1.282715 0. 0. 0. 0.223389 -0.25415 0.00415 -1.751953 2.015625 9.396484
35.292 6 ALIVE 200,125,168,22,34,53,61,96,85,248,81,176,59,195,91,18
35.369 6 FINKEN_SENSOR_MODEL 30 278 24 23 0. 0. 0.316406 -0.253174 -2.960449 -1.28418 0. 0. 0. 0.107422 -0.129639 -0.00415 -1.519531 2.30957 9.325195
35.394 6 ROTORCRAFT_STATUS 0 36 0 45 0 0 0 0 0 0 126 64
35.470 6 FINKEN_SENSOR_MODEL 30 277 25 22 0. 0. 0.308594 -0.23999 -2.956299 -1.277832 0. 0. 0. 0.000977 -0.162598 -0.076416 -1.738281 2.34375 9.449219
35.483 6 FINKEN_IR_ADC 0.314095 2101
35.665 6 FINKEN_SENSOR_MODEL 31 277 54 22 0. 0. 0.304688 -0.227783 -2.916992 -1.291992 0. 0. 0. 0.19043 0.170166 0.044678 -1.538086 2.614258 9.286133
35.733 6 ROTORCRAFT_FP 0 0 150 0 0 589609 -11876 -969 -5310 -637 30720 142 0 0 4
35.779 6 INS 0 0 -151 0 0 -592232 -362 -549 -1352
35.796 6 WP_MOVED_ENU 0 10529 10974 16640
35.874 6 FINKEN_SENSOR_MODEL 30 281 60 24 0. 0. 0.296875 -0.245605 -2.876953 -1.299561 0. 0. 0. 0.137207 0.154297 0.011475 -1.486328 3.232422 9.013672
35.916 6 INS_REF 463580755 10300661 436507982 434622299 12728900 236843 185000 99902.
35.992 6 FINKEN_SENSOR_MODEL 29 276 60 24 0. 0. 0.296875 -0.268311 -2.858887 -1.311768 0. 0. 0. 0.154297 0.344727 0.003174 -1.71875 3.265625 8.9375
36.062 6 LINK_REPORT 6 -1 36 0 22759 407 56 813. 15. 10 -1.44846293336e+12
36.068 6 FINKEN_SENSOR_MODEL 29 252 60 24 0. 0. 0.289062 -0.303223 -2.839844 -1.30835 0. 0. 0. 0.200928 0.052979 -0.290527 -3.025391 3.446289 9.124023
36.166 6 FINKEN_SENSOR_MODEL 29 243 60 26 0. 0. 0.296875 -0.307617 -2.815186 -1.296875 0. 0. 0. -0.023193 0.027588 -0.073242 -2.098633 4.611328 8.611328
36.263 6 FINKEN_SENSOR_MODEL 29 243 52 26 0. 0. 0.339844 -0.315186 -2.82666 -1.288818 0. 0. 0. -0.205322 0.029785 -0.064697 -2.008789 4.382812 8.779297
36.363 6 FINKEN_SENSOR_MODEL 29 243 28 27 0. 0. 1.296875 -0.330811 -2.84082 -1.300781 0. 0. 0. -0.111572 0.356445 -0.012695 -2.521484 3.499023 8.999023
36.464 6 FINKEN_SENSOR_MODEL 29 243 21 27 0. 0. 0.726562 -0.338867 -2.849854 -1.315674 0. 0. 0. -0.1521 0.012695 0.25415 -2.616211 3.608398 8.985352
36.478 6 FINKEN_IR_ADC 0.4364 1559
36.729 6 ROTORCRAFT_FP 0 0 167 0 0 611673 -11549 -1460 -5617 -637 30720 142 0 0 4
36.810 6 FINKEN_SENSOR_MODEL 32 243 22 24 0. 0. 0.464844 -0.356934 -2.816406 -1.374023 0. 0. 0. 0.087158 0.089355 0.072266 -2.498047 3.583984 8.946289
