1.332 6 ROTORCRAFT_STATUS 0 110 0 45 0 0 0 0 0 0 125 282
1.411 6 FINKEN_SENSOR_MODEL 101 51 44 102 0. 0. 0.238281 0.044189 -0.01001 2.782959 0. 0. 0. -0.027588 0.009521 -0.013672 0.02832 0.113281 -9.861328
1.422 6 FINKEN_IR_ADC 0.24 2490
1.505 6 FINKEN_SENSOR_MODEL 101 51 44 102 0. 0. 0.238281 0.044189 -0.01001 2.782959 0. 0. 0. -0.024414 0.012695 -0.011475 0.061523 0.108398 -9.875
1.527 6 ROTORCRAFT_NAV_STATUS 134 134 120. 0. 1 2 3
1.670 6 ROTORCRAFT_FP 0 0 -237 0 0 128767 -41 182 11399 -637 30720 -317 0 0 4
1.750 6 FINKEN_SENSOR_MODEL 101 52 45 102 0. 0. 0.238281 0.044434 -0.01001 2.782959 0. 0. 0. -0.027588 0.012695 -0.011475 -0.02832 0.118164 -9.922852
1.827 6 FINKEN_SENSOR_MODEL 101 52 45 102 0. 0. 0.238281 0.044434 -0.01001 2.782959 0. 0. 0. -0.027588 0.009521 -0.008301 0.037109 0.066406 -9.899414
1.906 6 FINKEN_SENSOR_MODEL 101 52 45 102 0. 0. 0.238281 0.044434 -0.01001 2.782959 0. 0. 0. -0.027588 0.013672 -0.009521 0.070312 0.071289 -9.808594
2.004 6 FINKEN_SENSOR_MODEL 101 52 45 102 0. 0. 0.238281 0.044434 -0.01001 2.782959 0. 0. 0. -0.027588 0.013672 -0.011475 0.099609 0.056641 -9.875
2.049 6 LINK_REPORT 6 -1 2 0 1086 20 1 831. 15. 0 0.
2.102 6 FINKEN_SENSOR_MODEL 101 52 45 102 0. 0. 0.238281 0.044434 -0.01001 2.783203 0. 0. 0. -0.029785 0.010498 -0.013672 0.033203 0.166016 -9.922852
2.206 6 FINKEN_SENSOR_MODEL 100 52 45 102 0. 0. 0.238281 0.044434 -0.009766 2.783203 0. 0. 0. -0.026367 0.014893 -0.009521 0.099609 0.051758 -9.957031
2.303 6 FINKEN_SENSOR_MODEL 100 52 45 102 0. 0. 0.238281 0.044434 -0.009766 2.783203 0. 0. 0. -0.028564 0.012695 -0.012695 0.046875 0.132812 -9.870117
2.401 6 FINKEN_SENSOR_MODEL 100 52 45 102 0. 0. 0.238281 0.044434 -0.009766 2.783203 0. 0. 0. -0.028564 0.013672 -0.011475 0.023438 0.146484 -9.875
2.415 6 FINKEN_IR_ADC 0.240762 2486
2.502 6 FINKEN_SENSOR_MODEL 100 51 45 102 0. 0. 0.238281 0.044434 -0.009766 2.783447 0. 0. 0. -0.024414 0.013672 -0.008301 0.013672 0.123047 -9.866211
2.522 6 ROTORCRAFT_NAV_STATUS 135 135 120. 0. 1 2 3
2.602 6 FINKEN_SENSOR_MODEL 100 51 45 102 0. 0. 0.238281 0.044434 -0.009766 2.783447 0. 0. 0. -0.027588 0.009521 -0.011475 0.099609 0.194336 -9.832031
2.666 6 ROTORCRAFT_FP 0 0 -243 0 0 82484 -40 182 11401 -637 30720 -317 0 0 4
2.744 6 FINKEN_SENSOR_MODEL 101 51 45 102 0. 0. 0.238281 0.044434 -0.009766 2.783447 0. 0. 0. -0.024414 0.010498 -0.010498 0.080078 0.094727 -9.904297
2.823 6 FINKEN_SENSOR_MODEL 101 52 45 102 0. 0. 0.238281 0.044678 -0.009766 2.783447 0. 0. 0. -0.026367 0.007324 -0.011475 0.066406 0.018555 -9.851562
3.049 6 LINK_REPORT 6 -1 3 0 1775 31 1 689. 11. 0 0.
3.100 6 FINKEN_SENSOR_MODEL 101 51 45 102 0. 0. 0.238281 0.044434 -0.009766 2.783691 0. 0. 0. -0.025391 0.011475 -0.010498 0.066406 0.104492 -9.884766
3.222 6 ALIVE 200,125,168,22,34,53,61,96,85,248,81,176,59,195,91,18
3.299 6 FINKEN_SENSOR_MODEL 100 51 44 102 0. 0. 0.238281 0.044434 -0.009766 2.783691 0. 0. 0. -0.026367 0.010498 -0.010498 0.056641 0.094727 -9.798828
3.322 6 ROTORCRAFT_STATUS 0 110 0 45 0 0 0 0 0 0 125 284
3.412 6 FINKEN_IR_ADC 0.240952 2485
3.517 6 ROTORCRAFT_NAV_STATUS 136 136 120. 0. 1 2 3
3.598 6 FINKEN_SENSOR_MODEL 100 51 44 102 0. 0. 0.238281 0.044434 -0.009766 2.783691 0. 0. 0. -0.027588 0.010498 -0.011475 -0.070312 0.118164 -9.914062
3.665 6 ROTORCRAFT_FP 0 0 -270 0 0 24163 -40 182 11403 -637 30720 -317 0 0 4
3.740 6 FINKEN_SENSOR_MODEL 100 51 44 102 0. 0. 0.238281 0.044434 -0.009766 2.783691 0. 0. 0. -0.027588 0.012695 -0.011475 0.02832 0.094727 -9.832031
3.761 6 WP_MOVED_ENU 0 10529 10974 16640
3.836 6 FINKEN_SENSOR_MODEL 100 51 44 102 0. 0. 0.238281 0.044434 -0.009766 2.783936 0. 0. 0. -0.026367 0.007324 -0.010498 0.066406 0.166016 -9.879883
3.915 6 FINKEN_SENSOR_MODEL 100 51 45 102 0. 0. 0.238281 0.044434 -0.009766 2.783936 0. 0. 0. -0.026367 0.011475 -0.010498 -0.003906 0.123047 -9.793945
3.926 6 DL_VALUE 34 300.
4.049 6 LINK_REPORT 6 -1 4 0 2392 44 5 617. 13. 0 0.
4.102 6 FINKEN_SENSOR_MODEL 100 51 45 102 0. 0. 0.238281 0.044434 -0.009766 2.78418 0. 0. 0. -0.027588 0.009521 -0.008301 0.037109 0.108398 -9.774414
4.406 6 FINKEN_IR_ADC 0.240381 2488
4.497 6 FINKEN_SENSOR_MODEL 101 51 44 102 0. 0. 0.238281 0.044434 -0.009766 2.78418 0. 0. 0. -0.028564 0.013672 -0.009521 0.051758 0.108398 -9.856445
4.515 6 ROTORCRAFT_NAV_STATUS 137 137 120. 0. 1 2 3
4.594 6 FINKEN_SENSOR_MODEL 101 51 44 102 0. 0. 0.238281 0.044434 -0.009766 2.78418 0. 0. 0. -0.029785 0.013672 -0.009521 0.023438 0.123047 -9.836914
4.659 6 ROTORCRAFT_FP 0 0 -280 0 0 44229 -40 182 11405 -637 30720 -317 0 0 4
4.740 6 FINKEN_SENSOR_MODEL 101 51 44 102 0. 0. 0.238281 0.044434 -0.009766 2.784424 0. 0. 0. -0.025391 0.012695 -0.009521 0.056641 0.089844 -9.889648
4.812 6 FINKEN_SENSOR_MODEL 101 51 44 102 0. 0. 0.238281 0.044678 -0.009766 2.784424 0. 0. 0. -0.026367 0.011475 -0.009521 0.061523 0.12793 -9.90918
4.893 6 FINKEN_SENSOR_MODEL 101 51 44 102 0. 0. 0.238281 0.044678 -0.009766 2.784424 0. 0. 0. -0.026367 0.013672 -0.010498 0.018555 0.089844 -9.884766
4.990 6 FINKEN_SENSOR_MODEL 100 51 45 102 0. 0. 0.238281 0.044678 -0.009766 2.784424 0. 0. 0. -0.028564 0.011475 -0.009521 0. 0.084961 -9.9375
5.050 6 LINK_REPORT 6 -1 5 0 3007 54 8 615. 10. 0 0.
5.090 6 FINKEN_SENSOR_MODEL 100 51 45 102 0. 0. 0.238281 0.044678 -0.01001 2.784424 0. 0. 0. -0.026367 0.014893 -0.010498 0.075195 0.084961 -9.90918
5.214 6 ALIVE 200,125,168,22,34,53,61,96,85,248,81,176,59,195,91,18
5.293 6 FINKEN_SENSOR_MODEL 100 51 45 102 0. 0. 0.238281 0.044678 -0.01001 2.784668 0. 0. 0. -0.026367 0.008301 -0.009521 0.02832 0.118164 -9.889648
5.317 6 ROTORCRAFT_STATUS 0 110 0 45 0 0 0 0 0 0 125 286
5.393 6 FINKEN_SENSOR_MODEL 100 51 45 102 0. 0. 0.238281 0.044678 -0.01001 2.784668 0. 0. 0. -0.026367 0.011475 -0.011475 0.075195 0.12793 -9.851562
5.404 6 FINKEN_IR_ADC 0.240762 2486
5.490 6 FINKEN_SENSOR_MODEL 100 51 45 102 0. 0. 0.238281 0.044678 -0.01001 2.784668 0. 0. 0. -0.027588 0.011475 -0.011475 0.023438 0.118164 -9.90918
5.512 6 ROTORCRAFT_NAV_STATUS 138 138 120. 0. 1 2 3
5.812 6 FINKEN_SENSOR_MODEL 100 52 44 102 0. 0. 0.238281 0.044678 -0.01001 2.784668 0. 0. 0. -0.026367 0.008301 -0.009521 -0.003906 0.132812 -9.914062
5.888 6 FINKEN_SENSOR_MODEL 100 52 44 102 0. 0. 0.238281 0.044678 -0.01001 2.784668 0. 0. 0. -0.026367 0.012695 -0.010498 0.070312 0.208984 -9.995117
5.992 6 FINKEN_SENSOR_MODEL 100 52 45 102 0. 0. 0.238281 0.044922 -0.01001 2.784912 0. 0. 0. -0.027588 0.012695 -0.010498 0.066406 0.099609 -9.875
6.050 6 LINK_REPORT 6 -1 6 0 3604 65 11 597. 11. 1 -1.44846315546e+12
6.096 6 FINKEN_SENSOR_MODEL 100 52 45 102 0. 0. 0.238281 0.044678 -0.01001 2.784912 0. 0. 0. -0.026367 0.011475 -0.011475 0.094727 0.084961 -9.827148
6.188 6 FINKEN_SENSOR_MODEL 100 52 45 102 0. 0. 0.238281 0.044678 -0.01001 2.784912 0. 0. 0. -0.027588 0.013672 -0.012695 0.02832 0.137695 -9.875
6.289 6 FINKEN_SENSOR_MODEL 100 52 45 102 0. 0. 0.238281 0.044922 -0.01001 2.784912 0. 0. 0. -0.026367 0.011475 -0.009521 0.018555 0.142578 -9.774414
6.487 6 FINKEN_SENSOR_MODEL 101 52 45 102 0. 0. 0.238281 0.044922 -0.01001 2.785156 0. 0. 0. -0.028564 0.009521 -0.009521 0.041992 0.132812 -9.770508
6.513 6 ROTORCRAFT_NAV_STATUS 139 139 120. 0. 1 2 3
6.590 6 FINKEN_SENSOR_MODEL 101 52 45 102 0. 0. 0.238281 0.044922 -0.01001 2.785156 0. 0. 0. -0.026367 0.010498 -0.011475 0.013672 0.066406 -9.861328
6.653 6 ROTORCRAFT_FP 0 0 -245 0 0 74690 -41 184 11408 -637 30720 -317 0 0 4
6.806 6 FINKEN_SENSOR_MODEL 100 52 45 102 0. 0. 0.238281 0.044922 -0.01001 2.785156 0. 0. 0. -0.026367 0.007324 -0.009521 0.094727 0.123047 -9.980469
6.883 6 FINKEN_SENSOR_MODEL 100 52 45 102 0. 0. 0.238281 0.044922 -0.01001 2.7854 0. 0. 0. -0.025391 0.007324 -0.014893 -0.008789 0.142578 -9.917969
6.893 6 DL_VALUE 35 0.
6.986 6 FINKEN_SENSOR_MODEL 100 52 45 102 0. 0. 0.238281 0.044922 -0.01001 2.785645 0. 0. 0. -0.029785 0.010498 -0.010498 0.046875 0.118164 -9.798828
7.006 6 FINKEN_ACTUATORS_MODEL 0.941612 2.733898 0. 0.621096
7.050 6 LINK_REPORT 6 -1 7 0 4314 77 13 710. 12. 1 -1.44846315546e+12
7.084 6 FINKEN_SENSOR_MODEL 100 52 45 102 0. 0. 0.238281 0.044922 -0.01001 2.785645 0. 0. 0. -0.026367 0.012695 -0.014893 -0.033203 0.066406 -9.793945
7.106 6 FINKEN_SYSTEM_SET_POINT 0.6 0. 0. 0.
7.214 6 ALIVE 200,125,168,22,34,53,61,96,85,248,81,176,59,195,91,18
7.286 6 FINKEN_SENSOR_MODEL 100 51 45 102 0. 0. 0.238281 0.044922 -0.01001 2.785645 0. 0. 0. -0.027588 0.013672 -0.011475 0.013672 0.132812 -9.96582
7.309 6 ROTORCRAFT_STATUS 0 110 0 45 0 0 0 0 0 0 125 288
7.386 6 FINKEN_SENSOR_MODEL 100 51 45 102 0. 0. 0.238281 0.044922 -0.01001 2.785645 0. 0. 0. -0.028564 0.012695 -0.009521 0.051758 0.099609 -9.827148
7.398 6 FINKEN_IR_ADC 0.240571 2487
7.482 6 FINKEN_SENSOR_MODEL 100 51 45 102 0. 0. 0.238281 0.044922 -0.01001 2.785645 0. 0. 0. -0.028564 0.009521 -0.012695 0.089844 0.108398 -9.922852
7.507 6 ROTORCRAFT_NAV_STATUS 140 140 120. 0. 1 2 3
7.582 6 FINKEN_SENSOR_MODEL 101 51 45 102 0. 0. 0.238281 0.044922 -0.01001 2.785889 0. 0. 0. -0.024414 0.010498 -0.011475 0.066406 0.033203 -9.90918
7.647 6 ROTORCRAFT_FP 0 0 -241 0 0 86324 -41 184 11411 -637 30720 -317 0 0 4
7.725 6 FINKEN_SENSOR_MODEL 101 52 45 102 0. 0. 0.238281 0.044922 -0.01001 2.785889 0. 0. 0. -0.025391 0.009521 -0.010498 0.023438 0.12793 -9.904297
7.803 6 FINKEN_SENSOR_MODEL 101 52 45 102 0. 0. 0.238281 0.044922 -0.01001 2.785889 0. 0. 0. -0.026367 0.013672 -0.011475 0.013672 0.118164 -9.818359
7.879 6 FINKEN_SENSOR_MODEL 100 52 45 102 0. 0. 0.238281 0.044922 -0.01001 2.786133 0. 0. 0. -0.026367 0.015869 -0.008301 -0.089844 0.108398 -9.904297
7.982 6 FINKEN_SENSOR_MODEL 100 52 45 102 0. 0. 0.238281 0.044922 -0.01001 2.786133 0. 0. 0. -0.026367 0.010498 -0.008301 0.003906 0.104492 -9.836914
8.050 6 LINK_REPORT 6 -1 8 0 5145 92 14 831. 15. 1 -1.44846315546e+12
8.080 6 FINKEN_SENSOR_MODEL 100 52 45 102 0. 0. 0.238281 0.044922 -0.01001 2.785889 0. 0. 0. -0.027588 0.010498 -0.009521 0.084961 0.099609 -9.813477
8.177 6 FINKEN_SENSOR_MODEL 100 52 44 102 0. 0. 0.238281 0.045166 -0.01001 2.786133 0. 0. 0. -0.029785 0.012695 -0.013672 0.008789 0.104492 -9.856445
8.239 6 BLOCK 0 6
8.393 6 FINKEN_IR_ADC 0.24019 2489
8.477 6 FINKEN_SENSOR_MODEL 100 51 44 102 0. 0. 0.238281 0.045166 -0.01001 2.785889 0. 0. 0. -0.027588 0.010498 -0.009521 0.033203 0.066406 -9.836914
8.500 6 ROTORCRAFT_NAV_STATUS 141 141 120. 0. 1 2 3
8.533 6 BLOCK 0 6
8.723 6 FINKEN_SENSOR_MODEL 100 51 45 102 0. 0. 0.238281 0.045166 -0.01001 2.786133 0. 0. 0. -0.029785 0.013672 -0.010498 0.089844 0.033203 -9.870117
8.740 6 WP_MOVED_ENU 1 -637 30720 16640
8.857 6 INS_REF 463580755 10300661 436507982 434622299 12728900 236843 185000 99902.
8.897 6 BLOCK 0 6
9.051 6 LINK_REPORT 6 -1 9 0 5531 100 17 386. 8. 4 -1.44846315546e+12
9.076 6 FINKEN_SENSOR_MODEL 100 51 45 102 0. 0. 0.238281 0.045166 -0.01001 2.786377 0. 0. 0. -0.025391 0.013672 -0.011475 0.037109 0.094727 -9.793945
9.205 6 ALIVE 200,125,168,22,34,53,61,96,85,248,81,176,59,195,91,18
9.231 6 BLOCK 0 6
9.384 6 FINKEN_SENSOR_MODEL 100 51 45 102 0. 0. 0.238281 0.045166 -0.01001 2.786377 0. 0. 0. -0.027588 0.010498 -0.008301 0.02832 0.094727 -9.884766
9.390 6 FINKEN_IR_ADC 0.241333 2483
9.479 6 FINKEN_SENSOR_MODEL 100 51 45 102 0. 0. 0.238281 0.045166 -0.01001 2.786621 0. 0. 0. -0.027588 0.011475 -0.012695 -0.02832 0.041992 -9.803711
9.496 6 ROTORCRAFT_NAV_STATUS 142 142 120. 0. 1 2 3
9.574 6 FINKEN_SENSOR_MODEL 101 51 45 102 0. 0. 0.238281 0.045166 -0.01001 2.786621 0. 0. 0. -0.024414 0.014893 -0.009521 0.094727 0.161133 -9.927734
9.646 6 ROTORCRAFT_FP 0 0 -247 0 0 43118 -40 185 11415 -637 30720 -317 0 0 4
9.718 6 FINKEN_SENSOR_MODEL 100 51 45 102 0. 0. 0.238281 0.045166 -0.009766 2.786865 0. 0. 0. -0.026367 0.016846 -0.009521 0.041992 0.137695 -9.904297
9.797 6 FINKEN_SENSOR_MODEL 100 51 45 102 0. 0. 0.238281 0.045166 -0.009766 2.786865 0. 0. 0. -0.026367 0.013672 -0.010498 0.056641 0.123047 -9.832031
9.875 6 FINKEN_SENSOR_MODEL 100 51 45 102 0. 0. 0.238281 0.045166 -0.01001 2.786621 0. 0. 0. -0.026367 0.011475 -0.011475 0.099609 0.066406 -9.899414
9.882 6 DL_VALUE 36 0.
9.973 6 FINKEN_SENSOR_MODEL 100 51 45 102 0. 0. 0.238281 0.045166 -0.01001 2.786865 0. 0. 0. -0.025391 0.009521 -0.012695 0.061523 0.075195 -9.870117
9.997 6 FINKEN_ACTUATORS_MODEL 0.730006 2.737034 0. 0.629669
10.029 6 BLOCK 0 6
10.051 6 LINK_REPORT 6 -1 10 0 6276 114 19 745. 14. 6 -1.44846315546e+12
10.276 6 FINKEN_SENSOR_MODEL 100 52 45 102 0. 0. 0.238281 0.04541 -0.01001 2.786865 0. 0. 0. -0.029785 0.012695 -0.010498 0.046875 0.118164 -9.961914
10.333 6 BLOCK 0 6
10.469 6 FINKEN_SENSOR_MODEL 100 52 44 102 0. 0. 0.238281 0.04541 -0.01001 2.787109 0. 0. 0. -0.026367 0.012695 -0.010498 0.051758 0.104492 -9.875
10.492 6 ROTORCRAFT_NAV_STATUS 143 143 120. 0. 1 2 3
10.795 6 FINKEN_SENSOR_MODEL 101 52 45 102 0. 0. 0.238281 0.04541 -0.01001 2.787354 0. 0. 0. -0.027588 0.012695 -0.011475 0.018555 0.061523 -9.894531
10.871 6 FINKEN_SENSOR_MODEL 101 52 45 102 0. 0. 0.238281 0.04541 -0.01001 2.787598 0. 0. 0. -0.025391 0.012695 -0.011475 0.046875 0.132812 -9.861328
11.051 6 LINK_REPORT 6 -1 11 0 6593 119 23 317. 5. 8 -1.44846316046e+12
11.067 6 FINKEN_SENSOR_MODEL 101 51 45 102 0. 0. 0.238281 0.04541 -0.01001 2.787842 0. 0. 0. -0.027588 0.012695 -0.009521 0.018555 0.099609 -9.899414
11.370 6 FINKEN_SENSOR_MODEL 100 51 44 102 0. 0. 0.238281 0.045654 -0.01001 2.787842 0. 0. 0. -0.024414 0.009521 -0.010498 0.066406 0.061523 -9.856445
11.382 6 FINKEN_IR_ADC 0.240762 2486
11.467 6 FINKEN_SENSOR_MODEL 100 51 44 102 0. 0. 0.238281 0.045654 -0.01001 2.788086 0. 0. 0. -0.027588 0.009521 -0.011475 0.051758 0.084961 -9.927734
11.489 6 ROTORCRAFT_NAV_STATUS 144 144 120. 0. 1 2 3
11.628 6 WIND_INFO 6 42 0. 0. 0.
11.863 6 FINKEN_SENSOR_MODEL 100 51 45 102 0. 0. 0.238281 0.045654 -0.01001 2.788086 0. 0. 0. -0.027588 0.013672 -0.010498 0.066406 0.113281 -9.894531
11.966 6 FINKEN_SENSOR_MODEL 100 51 45 102 0. 0. 0.238281 0.045654 -0.01001 2.78833 0. 0. 0. -0.025391 0.011475 -0.013672 0.041992 0.161133 -9.84668
12.051 6 LINK_REPORT 6 -1 12 0 6996 126 29 403. 7. 9 -1.44846316046e+12
12.061 6 FINKEN_SENSOR_MODEL 100 51 45 102 0. 0. 0.238281 0.045654 -0.01001 2.78833 0. 0. 0. -0.026367 0.010498 -0.012695 0.008789 0.104492 -9.96582
12.164 6 FINKEN_SENSOR_MODEL 100 52 45 102 0. 0. 0.238281 0.045654 -0.01001 2.78833 0. 0. 0. -0.028564 0.012695 -0.010498 0.023438 0.075195 -9.875
12.264 6 FINKEN_SENSOR_MODEL 100 52 45 102 0. 0. 0.238281 0.045654 -0.01001 2.78833 0. 0. 0. -0.028564 0.010498 -0.010498 0.075195 0.084961 -9.922852
12.361 6 FINKEN_SENSOR_MODEL 100 52 45 103 0. 0. 0.238281 0.045898 -0.01001 2.78833 0. 0. 0. -0.028564 0.010498 -0.010498 0.037109 0.075195 -9.875
12.377 6 FINKEN_IR_ADC 0.240762 2486
12.464 6 FINKEN_SENSOR_MODEL 101 51 45 103 0. 0. 0.238281 0.045898 -0.01001 2.78833 0. 0. 0. -0.025391 0.012695 -0.011475 0.023438 0.084961 -9.957031
12.484 6 ROTORCRAFT_NAV_STATUS 145 145 120. 0. 1 2 3
12.561 6 FINKEN_SENSOR_MODEL 101 51 45 103 0. 0. 0.238281 0.045898 -0.01001 2.78833 0. 0. 0. -0.026367 0.011475 -0.010498 0.041992 0.12793 -9.927734
12.634 6 ROTORCRAFT_FP 0 0 -267 0 0 94235 -41 188 11422 -637 30720 -317 0 0 4
12.706 6 FINKEN_SENSOR_MODEL 101 51 45 103 0. 0. 0.238281 0.045898 -0.01001 2.788574 0. 0. 0. -0.028564 0.012695 -0.009521 0.041992 0.071289 -9.9375
12.783 6 FINKEN_SENSOR_MODEL 101 51 45 103 0. 0. 0.238281 0.045898 -0.01001 2.788574 0. 0. 0. -0.026367 0.012695 -0.010498 0.046875 0.166016 -9.851562
12.859 6 FINKEN_SENSOR_MODEL 101 51 45 103 0. 0. 0.242188 0.045898 -0.01001 2.788574 0. 0. 0. -0.027588 0.014893 -0.009521 0.003906 0.084961 -9.899414
12.872 6 DL_VALUE 37 4000.
12.962 6 FINKEN_SENSOR_MODEL 100 51 45 103 0. 0. 0.238281 0.045898 -0.01001 2.788574 0. 0. 0. -0.026367 0.008301 -0.011475 0.056641 0.041992 -9.770508
12.982 6 FINKEN_ACTUATORS_MODEL 0.606125 2.73715 0. 0.638546
13.052 6 LINK_REPORT 6 -1 13 0 7866 141 29 870. 15. 9 -1.44846316046e+12
13.062 6 FINKEN_SENSOR_MODEL 100 51 45 103 0. 0. 0.238281 0.045898 -0.01001 2.788574 0. 0. 0. -0.027588 0.010498 -0.011475 0.013672 0.089844 -9.866211
13.083 6 FINKEN_SYSTEM_SET_POINT 0.6 0. 0. 0.
13.164 6 FINKEN_SENSOR_MODEL 100 52 45 103 0. 0. 0.238281 0.045898 -0.01001 2.788818 0. 0. 0. -0.027588 0.011475 -0.009521 0.070312 -0.018555 -9.985352
13.185 6 ALIVE 200,125,168,22,34,53,61,96,85,248,81,176,59,195,91,18
13.261 6 FINKEN_SENSOR_MODEL 100 52 44 103 0. 0. 0.238281 0.045898 -0.01001 2.788818 0. 0. 0. -0.025391 0.008301 -0.008301 0.075195 -0.041992 -9.889648
13.285 6 ROTORCRAFT_STATUS 0 110 0 46 0 0 0 0 0 0 125 294
13.373 6 FINKEN_SENSOR_MODEL 100 52 44 103 0. 0. 0.238281 0.045898 -0.01001 2.789062 0. 0. 0. -0.028564 0.012695 -0.008301 0.075195 0.166016 -9.884766
13.375 6 FINKEN_IR_ADC 0.240952 2485
13.457 6 FINKEN_SENSOR_MODEL 101 52 44 103 0. 0. 0.238281 0.045898 -0.01001 2.789062 0. 0. 0. -0.026367 0.011475 -0.012695 0.018555 0.071289 -9.856445
13.481 6 ROTORCRAFT_NAV_STATUS 146 146 120. 0. 1 2 3
13.560 6 FINKEN_SENSOR_MODEL 100 52 44 103 0. 0. 0.238281 0.045898 -0.01001 2.789062 0. 0. 0. -0.025391 0.015869 -0.010498 -0.013672 0.066406 -9.875
13.632 6 ROTORCRAFT_FP 0 0 -225 0 0 125221 -41 188 11425 -637 30720 -317 0 0 4
13.766 6 FINKEN_SENSOR_MODEL 100 52 45 103 0. 0. 0.238281 0.045898 -0.01001 2.789307 0. 0. 0. -0.026367 0.010498 -0.010498 0.132812 0.051758 -9.856445
13.805 6 INS_REF 463580755 10300661 436507982 434622299 12728900 236843 185000 99902.
14.052 6 LINK_REPORT 6 -1 14 0 8587 155 30 721. 14. 9 -1.44846316046e+12
14.366 6 FINKEN_IR_ADC 0.240762 2486
14.455 6 FINKEN_SENSOR_MODEL 101 52 45 103 0. 0. 0.238281 0.045898 -0.01001 2.789551 0. 0. 0. -0.027588 0.011475 -0.010498 0.018555 0.118164 -9.750977
14.478 6 ROTORCRAFT_NAV_STATUS 147 147 120. 0. 1 2 3
14.559 6 FINKEN_SENSOR_MODEL 101 52 45 103 0. 0. 0.238281 0.045898 -0.01001 2.789795 0. 0. 0. -0.027588 0.012695 -0.012695 0.061523 0.094727 -9.827148
14.778 6 FINKEN_SENSOR_MODEL 101 51 45 103 0. 0. 0.238281 0.045898 -0.01001 2.789795 0. 0. 0. -0.026367 0.007324 -0.010498 0.018555 0.094727 -9.957031
14.850 6 FINKEN_SENSOR_MODEL 101 51 45 103 0. 0. 0.238281 0.045898 -0.01001 2.789795 0. 0. 0. -0.027588 0.010498 -0.010498 0.051758 0.137695 -9.760742
14.952 6 FINKEN_SENSOR_MODEL 100 51 45 103 0. 0. 0.238281 0.045654 -0.01001 2.789795 0. 0. 0. -0.027588 0.012695 -0.009521 0.018555 0.089844 -9.922852
15.052 6 FINKEN_SENSOR_MODEL 100 51 45 103 0. 0. 0.238281 0.045654 -0.01001 2.790039 0. 0. 0. -0.028564 0.010498 -0.011475 0.084961 0.108398 -9.884766
15.053 6 LINK_REPORT 6 -1 15 0 9064 163 34 477. 8. 9 -1.44846316046e+12
15.160 6 FINKEN_SENSOR_MODEL 100 51 45 103 0. 0. 0.238281 0.045654 -0.01001 2.790039 0. 0. 0. -0.025391 0.011475 -0.009521 0.013672 0.151367 -9.917969
15.174 6 ALIVE 200,125,168,22,34,53,61,96,85,248,81,176,59,195,91,18
15.252 6 FINKEN_SENSOR_MODEL 100 52 45 103 0. 0. 0.238281 0.045654 -0.01001 2.790039 0. 0. 0. -0.025391 0.013672 -0.006348 -0.033203 0.104492 -9.947266
15.279 6 ROTORCRAFT_STATUS 0 110 0 45 0 0 0 0 0 0 125 296
15.352 6 FINKEN_SENSOR_MODEL 100 51 45 103 0. 0. 0.238281 0.045654 -0.01001 2.790283 0. 0. 0. -0.028564 0.012695 -0.011475 -0.084961 0.089844 -9.90918
15.365 6 FINKEN_IR_ADC 0.241714 2481
15.452 6 FINKEN_SENSOR_MODEL 100 51 45 103 0. 0. 0.238281 0.045654 -0.01001 2.790283 0. 0. 0. -0.026367 0.010498 -0.009521 0.023438 0.142578 -9.818359
15.471 6 ROTORCRAFT_NAV_STATUS 148 148 120. 0. 1 2 3
15.948 6 FINKEN_SENSOR_MODEL 101 51 45 103 0. 0. 0.238281 0.045654 -0.01001 2.790527 0. 0. 0. -0.028564 0.011475 -0.012695 0.056641 0.071289 -9.914062
15.971 6 FINKEN_ACTUATORS_MODEL 0.455339 2.737498 0. 0.646908
16.048 6 FINKEN_SENSOR_MODEL 101 52 45 103 0. 0. 0.238281 0.045654 -0.01001 2.790527 0. 0. 0. -0.026367 0.009521 -0.013672 0. 0.189453 -9.870117
16.053 6 LINK_REPORT 6 -1 16 0 9609 174 37 545. 11. 10 -1.44846316546e+12
16.070 6 FINKEN_SYSTEM_SET_POINT 0.6 0. 0. 0.
16.250 6 FINKEN_SENSOR_MODEL 100 51 45 103 0. 0. 0.238281 0.045654 -0.01001 2.790527 0. 0. 0. -0.027588 0.010498 -0.012695 0.008789 0.084961 -9.980469
16.345 6 FINKEN_SENSOR_MODEL 100 51 45 103 0. 0. 0.238281 0.045654 -0.01001 2.790527 0. 0. 0. -0.028564 0.008301 -0.008301 0.075195 0.137695 -10.009766
16.361 6 FINKEN_IR_ADC 0.240952 2485
16.466 6 ROTORCRAFT_NAV_STATUS 149 149 120. 0. 1 2 3
16.548 6 FINKEN_SENSOR_MODEL 100 51 45 103 0. 0. 0.238281 0.045654 -0.01001 2.790527 0. 0. 0. -0.026367 0.009521 -0.012695 0.051758 0.151367 -9.808594
16.614 6 ROTORCRAFT_FP 0 0 -265 0 0 36940 -41 187 11431 -637 30720 -317 0 0 4
16.699 6 FINKEN_SENSOR_MODEL 100 51 45 103 0. 0. 0.238281 0.045654 -0.01001 2.790771 0. 0. 0. -0.027588 0.012695 -0.012695 0.075195 0.066406 -9.841797
16.845 6 FINKEN_SENSOR_MODEL 100 51 45 103 0. 0. 0.238281 0.045654 -0.010254 2.790771 0. 0. 0. -0.025391 0.012695 -0.011475 0.033203 0.084961 -9.870117
16.945 6 FINKEN_SENSOR_MODEL 100 51 45 102 0. 0. 0.238281 0.045654 -0.010254 2.791016 0. 0. 0. -0.025391 0.008301 -0.011475 0. 0.104492 -9.884766
17.043 6 FINKEN_SENSOR_MODEL 100 52 45 102 0. 0. 0.238281 0.04541 -0.010254 2.791016 0. 0. 0. -0.027588 0.010498 -0.008301 0.037109 0.142578 -9.856445
17.053 6 LINK_REPORT 6 -1 17 0 10246 185 40 637. 11. 10 -1.44846316546e+12
17.345 6 FINKEN_SENSOR_MODEL 100 51 45 102 0. 0. 0.238281 0.04541 -0.010254 2.79126 0. 0. 0. -0.028564 0.013672 -0.013672 -0.018555 0.061523 -9.884766
17.361 6 FINKEN_IR_ADC 0.241143 2484
17.379 6 BLOCK 0 6
17.613 6 ROTORCRAFT_FP 0 0 -315 0 0 -15961 -42 186 11434 -637 30720 -317 0 0 4
17.737 6 BLOCK 0 6
18.042 6 FINKEN_SENSOR_MODEL 100 52 45 102 0. 0. 0.238281 0.04541 -0.010498 2.791748 0. 0. 0. -0.027588 0.011475 -0.008301 0.056641 0.084961 -9.894531
18.054 6 LINK_REPORT 6 -1 18 0 10470 189 45 224. 4. 12 -1.44846316546e+12
18.085 6 BLOCK 0 6
18.426 6 BLOCK 0 6
18.474 6 ROTORCRAFT_NAV_STATUS 151 151 120. 0. 1 2 3
18.483 6 UART_ERRORS 0 0 0 3
18.953 6 BLOCK 0 6
18.992 6 FINKEN_ACTUATORS_MODEL 0.730017 2.7375 0. 0.655481
19.055 6 LINK_REPORT 6 -1 19 0 10526 192 50 56. 3. 15 -1.44846316546e+12
19.089 6 FINKEN_SYSTEM_SET_POINT 0.6 0. 0. 0.
19.272 6 FINKEN_SENSOR_MODEL 100 51 44 102 0. 0. 0.238281 0.045654 -0.010498 2.79248 0. 0. 0. -0.026367 0.010498 -0.011475 0.089844 0.089844 -9.884766
19.279 6 BLOCK 0 6
19.383 6 FINKEN_IR_ADC 0.240762 2486
19.456 6 FINKEN_SENSOR_MODEL 100 51 45 102 0. 0. 0.238281 0.045654 -0.010498 2.792725 0. 0. 0. -0.027588 0.010498 -0.012695 0.070312 0.161133 -9.90918
19.479 6 ROTORCRAFT_NAV_STATUS 152 152 120. 0. 1 2 3
19.627 6 BLOCK 0 6
19.737 6 FINKEN_SENSOR_MODEL 100 52 45 103 0. 0. 0.238281 0.045654 -0.010498 2.792725 0. 0. 0. -0.026367 0.010498 -0.010498 0.037109 0.146484 -9.875
19.969 6 BLOCK 0 6
20.055 6 LINK_REPORT 6 -1 20 0 10803 198 54 277. 6. 18 -1.44846316546e+12
20.135 6 FINKEN_SENSOR_MODEL 100 51 45 102 0. 0. 0.238281 0.04541 -0.010498 2.792969 0. 0. 0. -0.028564 0.008301 -0.011475 0. 0.142578 -9.841797
20.279 6 BLOCK 0 6
20.351 6 FINKEN_IR_ADC 0.241524 2482
20.434 6 FINKEN_SENSOR_MODEL 100 51 45 102 0. 0. 0.238281 0.04541 -0.010498 2.792969 0. 0. 0. -0.028564 0.010498 -0.008301 0.037109 0.089844 -9.904297
20.460 6 ROTORCRAFT_NAV_STATUS 0 0 120. 0. 0 1 3
20.541 6 FINKEN_SENSOR_MODEL 100 51 45 102 0. 0. 0.238281 0.04541 -0.010498 2.793213 0. 0. 0. -0.026367 0.012695 -0.009521 0.023438 0.099609 -9.836914
20.613 6 BLOCK 0 6
20.771 6 FINKEN_SENSOR_MODEL 101 51 44 102 0. 0. 0.238281 0.04541 -0.010498 2.793213 0. 0. 0. -0.026367 0.009521 -0.013672 0.037109 0.066406 -10.023438
20.841 6 FINKEN_SENSOR_MODEL 101 51 44 102 0. 0. 0.238281 0.04541 -0.010498 2.793213 0. 0. 0. -0.025391 0.011475 -0.013672 0.070312 0.108398 -9.822266
20.963 6 BLOCK 0 6
21.055 6 LINK_REPORT 6 -1 21 0 11206 205 57 403. 7. 22 -1.44846317046e+12
21.242 6 FINKEN_SENSOR_MODEL 100 52 45 102 0. 0. 0.238281 0.04541 -0.010498 2.793457 0. 0. 0. -0.026367 0.010498 -0.009521 0.084961 0.12793 -9.904297
21.265 6 ROTORCRAFT_STATUS 0 110 0 45 0 0 0 0 0 0 125 302
21.347 6 FINKEN_SENSOR_MODEL 100 52 45 102 0. 0. 0.238281 0.04541 -0.010742 2.793457 0. 0. 0. -0.027588 0.010498 -0.008301 0.023438 0.056641 -9.870117
21.352 6 FINKEN_IR_ADC 0.240381 2488
21.433 6 FINKEN_SENSOR_MODEL 100 52 45 102 0. 0. 0.238281 0.04541 -0.010742 2.793701 0. 0. 0. -0.026367 0.011475 -0.009521 0.003906 0.132812 -9.851562
21.459 6 ROTORCRAFT_NAV_STATUS 1 1 120. 0. 0 1 3
21.538 6 FINKEN_SENSOR_MODEL 101 52 45 102 0. 0. 0.238281 0.04541 -0.010742 2.793945 0. 0. 0. -0.030762 0.009521 -0.009521 -0.051758 0.104492 -9.884766
21.604 6 ROTORCRAFT_FP 0 0 -207 0 0 126324 -44 186 11444 -637 30720 -317 0 0 4
21.629 6 WIND_INFO 6 42 0. 0. 0.
21.834 6 FINKEN_SENSOR_MODEL 100 51 45 102 0. 0. 0.238281 0.04541 -0.010498 2.793945 0. 0. 0. -0.026367 0.010498 -0.013672 0.033203 0.104492 -9.84668
21.852 6 DL_VALUE 40 0.
21.929 6 FINKEN_SENSOR_MODEL 100 51 44 102 0. 0. 0.238281 0.04541 -0.010498 2.793945 0. 0. 0. -0.024414 0.011475 -0.012695 0.013672 0.118164 -9.914062
21.964 6 FINKEN_ACTUATORS_MODEL 0.786823 3.012627 0. 0.242105
22.038 6 FINKEN_SENSOR_MODEL 100 51 44 102 0. 0. 0.238281 0.04541 -0.010498 2.793945 0. 0. 0. -0.026367 0.010498 -0.011475 0.056641 0.137695 -9.851562
22.055 6 LINK_REPORT 6 -1 22 0 11877 218 60 671. 13. 23 -1.44846317046e+12
22.060 6 FINKEN_SYSTEM_SET_POINT 0.6 0. 0. 0.
22.223 6 FINKEN_SENSOR_MODEL 100 52 44 102 0. 0. 0.238281 0.04541 -0.010742 2.794189 0. 0. 0. -0.029785 0.010498 -0.011475 0.018555 0.15625 -9.866211
22.324 6 FINKEN_SENSOR_MODEL 100 52 44 102 0. 0. 0.238281 0.04541 -0.010742 2.794434 0. 0. 0. -0.027588 0.011475 -0.009521 0.023438 0.118164 -9.866211
22.353 6 FINKEN_IR_ADC 0.240571 2487
22.466 6 ROTORCRAFT_NAV_STATUS 2 2 120. 0. 0 1 3
22.538 6 FINKEN_SENSOR_MODEL 100 51 44 102 0. 0. 0.238281 0.045898 -0.010986 2.79541 0. 0. 0. -0.146729 0.007324 -0.027588 0.660156 0.003906 -10.966797
22.603 6 ROTORCRAFT_FP 0 0 -281 0 0 -50992 -46 189 11451 -637 30720 -281 0 -1318 4
22.823 6 FINKEN_SENSOR_MODEL 100 52 44 102 0. 0. 0.238281 0.046387 -0.010254 2.796143 0. 0. 0. 0.028564 0.066895 -0.026367 0.650391 0.298828 -9.832031
22.923 6 FINKEN_SENSOR_MODEL 100 51 44 102 0. 0. 0.238281 0.046631 -0.010498 2.796387 0. 0. 0. -0.012695 -0.046631 0.023193 -0.626953 0.451172 -9.43457
23.021 6 FINKEN_SENSOR_MODEL 100 51 44 102 0. 0. 0.238281 0.046143 -0.01123 2.796143 0. 0. 0. -0.128662 0.006348 -0.049805 0.146484 -0.251953 -10.124023
23.055 6 LINK_REPORT 6 -1 23 0 12440 228 63 563. 10. 23 -1.44846317046e+12
23.122 6 FINKEN_SENSOR_MODEL 100 51 44 102 0. 0. 0.238281 0.046143 -0.010742 2.796631 0. 0. 0. 0.05835 0.028564 0.005127 0.597656 0.731445 -10.842773
23.163 6 ALIVE 200,125,168,22,34,53,61,96,85,248,81,176,59,195,91,18
23.246 6 FINKEN_SENSOR_MODEL 101 51 44 102 0. 0. 0.238281 0.046387 -0.010986 2.796631 0. 0. 0. -0.02124 0.02124 0.003174 -0.973633 -0.560547 -8.477539
23.263 6 ROTORCRAFT_STATUS 0 104 0 45 0 4 0 1 2 1 125 304
23.341 6 FINKEN_SENSOR_MODEL 101 51 44 103 0. 0. 0.238281 0.046143 -0.010742 2.796631 0. 0. 0. -0.15625 -0.006348 -0.043457 0.123047 0.222656 -10.239258
23.353 6 FINKEN_IR_ADC 0.240952 2485
23.434 6 FINKEN_SENSOR_MODEL 101 51 44 103 0. 0. 0.238281 0.046143 -0.010254 2.796875 0. 0. 0. 0.057373 0.009521 0.008301 1.078125 -0.084961 -10.674805
23.460 6 ROTORCRAFT_NAV_STATUS 3 3 120. 0. 0 1 3
23.541 6 FINKEN_SENSOR_MODEL 101 51 44 103 0. 0. 0.238281 0.046631 -0.010742 2.797119 0. 0. 0. -0.011475 -0.009521 -0.009521 -0.854492 -0.061523 -8.205078
23.604 6 ROTORCRAFT_FP 0 0 -410 0 0 -116504 -45 189 11458 -637 30720 -410 0 -1318 4
23.647 6 INS 0 0 410 0 0 117279 -246 358 208
23.670 6 WP_MOVED_ENU 0 10529 10974 16640
23.753 6 FINKEN_SENSOR_MODEL 101 52 44 105 0. 0. 0.238281 0.046143 -0.01123 2.797363 0. 0. 0. 0.025391 -0.018066 -0.016846 1.015625 -0.46582 -10.249023
23.783 6 INS_REF 463580755 10300661 436507982 434622299 12728900 236843 185000 99902.
23.873 6 FINKEN_SENSOR_MODEL 101 52 44 105 0. 0. 0.238281 0.046875 -0.010986 2.797607 0. 0. 0. -0.003174 0.034912 -0.005127 -0.897461 0.34668 -8.759766
23.945 6 FINKEN_SENSOR_MODEL 101 52 44 105 0. 0. 0.238281 0.046631 -0.01123 2.797607 0. 0. 0. -0.098877 0.067871 -0.009521 0.008789 -0.037109 -10.397461
24.022 6 FINKEN_SENSOR_MODEL 102 52 44 105 0. 0. 0.238281 0.045898 -0.010986 2.797852 0. 0. 0. -0.073242 -0.057373 -0.048828 0.835938 0.46582 -10.37793
24.056 6 LINK_REPORT 6 -1 24 0 13348 245 63 908. 17. 23 -1.44846317046e+12
24.317 6 FINKEN_SENSOR_MODEL 293 51 44 104 0. 0. 0.238281 0.046387 -0.010742 2.798096 0. 0. 0. -0.057373 -0.083984 -0.043457 -0.061523 0.84082 -10.344727
24.349 6 FINKEN_IR_ADC 0.240381 2488
24.427 6 FINKEN_SENSOR_MODEL 293 51 44 104 0. 0. 0.238281 0.046631 -0.01123 2.798096 0. 0. 0. 0.089355 0.045654 0.02002 0.212891 -1.354492 -9.889648
24.458 6 ROTORCRAFT_NAV_STATUS 4 4 120. 0. 0 1 3
24.536 6 FINKEN_SENSOR_MODEL 178 51 44 104 0. 0. 0.238281 0.046631 -0.01123 2.798096 0. 0. 0. -0.134033 0.052979 -0.038086 -0.217773 1.045898 -9.348633
24.603 6 ROTORCRAFT_FP 0 0 -367 0 0 66104 -45 192 11462 -637 30720 -367 0 -1318 4
24.925 6 DL_VALUE 41 13.962634
25.012 6 FINKEN_SENSOR_MODEL 293 52 44 105 0. 0. 0.238281 0.046387 -0.010986 2.798584 0. 0. 0. 0.016846 -0.015869 -0.014893 0.293945 -1.511719 -8.999023
25.034 6 FINKEN_ACTUATORS_MODEL -7.763191 2.830828 0. 0.242105
25.056 6 LINK_REPORT 6 -1 25 0 13774 254 67 426. 9. 23 -1.44846317046e+12
25.137 6 FINKEN_SYSTEM_SET_POINT 0.6 0. 0. 0.
25.213 6 FINKEN_SENSOR_MODEL 294 52 44 105 0. 0. 0.238281 0.045898 -0.010498 2.798828 0. 0. 0. -0.093506 0.0979 -0.005127 1.680664 0.189453 -9.703125
25.237 6 ALIVE 200,125,168,22,34,53,61,96,85,248,81,176,59,195,91,18
25.336 6 ROTORCRAFT_STATUS 0 104 0 45 0 13 0 1 4 5 125 306
25.422 6 FINKEN_SENSOR_MODEL 292 52 44 104 0. 0. 0.238281 0.046143 -0.009766 2.799072 0. 0. 0. -0.062744 0.065918 -0.011475 -0.161133 -0.313477 -9.78418
25.427 6 FINKEN_IR_ADC 0.240381 2488
25.513 6 FINKEN_SENSOR_MODEL 292 52 44 104 0. 0. 0.238281 0.045654 -0.009766 2.799316 0. 0. 0. 0.019043 0.045654 -0.015869 0.887695 -0.379883 -8.147461
25.532 6 ROTORCRAFT_NAV_STATUS 5 5 120. 0. 0 1 3
25.812 6 FINKEN_SENSOR_MODEL 254 52 44 104 0. 0. 0.238281 0.045898 -0.01001 2.799805 0. 0. 0. 0.014893 -0.05957 -0.016846 -0.293945 0.137695 -9.90918
25.911 6 FINKEN_SENSOR_MODEL 140 52 44 105 0. 0. 0.238281 0.045898 -0.010254 2.800049 0. 0. 0. -0.041504 0.006348 -0.006348 -0.023438 1.054688 -10.612305
26.009 6 FINKEN_SENSOR_MODEL 102 52 44 105 0. 0. 0.238281 0.04541 -0.010498 2.799805 0. 0. 0. -0.019043 -0.091309 -0.024414 1.524414 0.68457 -9.875
26.056 6 LINK_REPORT 6 -1 26 0 14319 265 70 545. 11. 24 -1.44846317546e+12
26.212 6 FINKEN_SENSOR_MODEL 140 52 44 106 0. 0. 0.238281 0.045654 -0.010254 2.800049 0. 0. 0. -0.063721 0.039307 -0.008301 1.224609 0.389648 -10.004883
26.411 6 FINKEN_SENSOR_MODEL 293 52 44 105 0. 0. 0.238281 0.046387 -0.01001 2.800537 0. 0. 0. -0.019043 0.1521 -0.00415 -0.246094 -0.303711 -9.832031
26.421 6 FINKEN_IR_ADC 0.23981 2491
26.509 6 FINKEN_SENSOR_MODEL 293 52 45 105 0. 0. 0.238281 0.045898 -0.01001 2.800293 0. 0. 0. -0.003174 -0.104248 -0.014893 -0.77832 -0.199219 -8.822266
26.530 6 ROTORCRAFT_NAV_STATUS 6 6 120. 0. 0 1 3
27.007 6 FINKEN_SENSOR_MODEL 101 52 44 105 0. 0. 0.238281 0.04541 -0.01001 2.800537 0. 0. 0. -0.074463 -0.13501 -0.030762 -0.056641 1.026367 -10.296875
27.057 6 LINK_REPORT 6 -1 27 0 14648 271 74 329. 6. 24 -1.44846317546e+12
27.107 6 FINKEN_SENSOR_MODEL 101 51 44 105 0. 0. 0.238281 0.046143 -0.010498 2.800781 0. 0. 0. -0.063721 0.130859 -0.027588 0.550781 -0.099609 -10.450195
27.922 6 DL_VALUE 42 0.85
28.057 6 LINK_REPORT 6 -1 28 0 14733 273 79 85. 2. 24 -1.44846317546e+12
28.422 6 FINKEN_IR_ADC 0.24019 2489
28.664 6 ROTORCRAFT_FP 0 0 -467 0 0 -29633 -41 192 11477 -637 30720 -467 0 0 4
28.742 6 FINKEN_SENSOR_MODEL 294 51 44 105 0. 0. 0.238281 0.047119 -0.009766 2.802002 0. 0. 0. -0.032959 0.032959 -0.003174 1.491211 0.360352 -9.961914
28.764 6 WP_MOVED_ENU 1 -637 30720 16640
28.842 6 FINKEN_SENSOR_MODEL 178 52 44 105 0. 0. 0.238281 0.047363 -0.009277 2.802246 0. 0. 0. -0.041504 -0.09668 -0.036133 -0.270508 0.983398 -10.171875
28.999 6 FINKEN_SENSOR_MODEL 218 52 44 105 0. 0. 0.238281 0.047363 -0.009521 2.80249 0. 0. 0. -0.033936 0.075439 0.00415 1.381836 0.831055 -9.358398
29.057 6 LINK_REPORT 6 -1 29 0 15050 279 84 317. 6. 24 -1.44846317546e+12
29.195 6 FINKEN_SENSOR_MODEL 179 52 44 106 0. 0. 0.238281 0.047852 -0.010254 2.802734 0. 0. 0. -0.048828 0.125488 -0.001953 1.158203 -0.161133 -9.34375
29.223 6 ALIVE 200,125,168,22,34,53,61,96,85,248,81,176,59,195,91,18
29.300 6 FINKEN_SENSOR_MODEL 101 52 44 105 0. 0. 0.238281 0.047852 -0.010254 2.803223 0. 0. 0. -0.018066 0.030762 -0.005127 -0.332031 0.113281 -8.898438
29.322 6 ROTORCRAFT_STATUS 0 104 0 45 0 13 0 1 4 5 125 310
29.398 6 FINKEN_SENSOR_MODEL 216 52 44 105 0. 0. 0.238281 0.047852 -0.010254 2.803467 0. 0. 0. -0.025391 -0.05957 -0.003174 -0.612305 -0.921875 -10.320312
29.410 6 FINKEN_IR_ADC 0.240762 2486
29.498 6 FINKEN_SENSOR_MODEL 294 52 44 105 0. 0. 0.238281 0.048096 -0.009521 2.803711 0. 0. 0. -0.005127 0.033936 -0.016846 -1.818359 0.298828 -8.625977
29.515 6 ROTORCRAFT_NAV_STATUS 9 9 120. 0. 0 1 3
29.598 6 FINKEN_SENSOR_MODEL 294 51 44 105 0. 0. 0.238281 0.047607 -0.009766 2.803711 0. 0. 0. 0.012695 -0.067871 -0.009521 0.370117 -0.394531 -10.09082
29.663 6 ROTORCRAFT_FP 0 0 -395 0 0 151123 -40 195 11485 -637 30720 -395 0 0 4
29.739 6 FINKEN_SENSOR_MODEL 294 51 44 105 0. 0. 0.238281 0.047852 -0.009766 2.803955 0. 0. 0. -0.015869 -0.108398 0.008301 -0.949219 -0.175781 -9.487305
29.815 6 FINKEN_SENSOR_MODEL 178 51 45 105 0. 0. 0.238281 0.047852 -0.009277 2.804199 0. 0. 0. 0.003174 0. -0.041504 -0.806641 0.955078 -9.932617
29.893 6 FINKEN_SENSOR_MODEL 101 51 44 106 0. 0. 0.238281 0.047119 -0.009277 2.804443 0. 0. 0. -0.025391 -0.121094 0.00415 1.310547 -0.194336 -10.689453
29.995 6 FINKEN_SENSOR_MODEL 101 51 44 107 0. 0. 0.238281 0.047852 -0.009277 2.804443 0. 0. 0. -0.063721 -0.060547 -0.022217 -1.391602 1.197266 -10.047852
30.058 6 LINK_REPORT 6 -1 30 0 15859 293 85 809. 14. 24 -1.44846317546e+12
30.093 6 FINKEN_SENSOR_MODEL 102 52 44 107 0. 0. 0.238281 0.047607 -0.009277 2.804443 0. 0. 0. -0.032959 0.083984 -0.013672 1.675781 0.113281 -11.004883
30.193 6 FINKEN_SENSOR_MODEL 217 52 44 107 0. 0. 0.238281 0.047852 -0.009521 2.804443 0. 0. 0. -0.044678 0.013672 0.001953 1.619141 -0.008789 -10.114258
30.292 6 FINKEN_SENSOR_MODEL 256 52 44 106 0. 0. 0.238281 0.04834 -0.009521 2.804688 0. 0. 0. -0.076416 0.05835 -0.018066 -1.5 0.260742 -10.249023
30.395 6 FINKEN_SENSOR_MODEL 140 52 44 105 0. 0. 0.238281 0.048096 -0.009521 2.804443 0. 0. 0. -0.055176 0.170166 0.019043 2.084961 -0.68457 -9.416016
30.404 6 FINKEN_IR_ADC 0.241333 2483
30.493 6 FINKEN_SENSOR_MODEL 140 52 44 105 0. 0. 0.238281 0.048096 -0.009033 2.804443 0. 0. 0. -0.052979 -0.072266 -0.011475 -1.291016 -0.356445 -8.78418
30.512 6 ROTORCRAFT_NAV_STATUS 10 10 120. 0. 0 1 3
30.812 6 FINKEN_SENSOR_MODEL 222 51 44 104 0. 0. 0.222656 0.072998 0.000732 2.803467 0. 0. 0. 1.47583 -2.926514 -0.063721 -0.660156 0.365234 -13.393555
30.891 6 FINKEN_SENSOR_MODEL 222 51 82 104 0. 0. 0.210938 0.04834 0.033447 2.803223 0. 0. 0. 0.314941 -1.197021 -0.018066 -0.061523 -0.108398 -11.761719
30.900 6 DL_VALUE 43 13.962634
31.058 6 LINK_REPORT 6 -1 31 0 16421 303 86 562. 10. 25 -1.44846318046e+12
31.215 6 ALIVE 200,125,168,22,34,53,61,96,85,248,81,176,59,195,91,18
31.291 6 FINKEN_SENSOR_MODEL 288 147 102 98 0. 0. 0.3125 0.033203 -0.197021 2.809814 0. 0. 0. 2.9104 -0.205322 0.144531 -1.362305 1.830078 -9.736328
31.314 6 ROTORCRAFT_STATUS 0 14 0 45 0 13 0 1 4 5 122 312
31.391 6 FINKEN_SENSOR_MODEL 255 147 138 97 0. 0. 0.382812 0.027588 0.12915 2.830811 0. 0. 0. 1.058838 0.055176 -0.019043 -2.365234 0.023438 -7.256836
31.402 6 FINKEN_IR_ADC 0.4172 1607
31.487 6 FINKEN_SENSOR_MODEL 238 147 136 94 0. 0. 0.433594 0.015869 0.201172 2.830566 0. 0. 0. -2.357178 0.014893 -0.060547 -0.232422 -2.043945 -7.141602
31.508 6 ROTORCRAFT_NAV_STATUS 0 0 120. 0. 1 2 3
31.629 6 WIND_INFO 6 42 0. 0. 0.
31.988 6 FINKEN_SENSOR_MODEL 215 153 129 90 0. 0. 0.492188 0.01001 -0.001953 2.814453 0. 0. 0. 0.329834 -0.046631 -0.051025 -1.624023 0.432617 -9.597656
32.059 6 LINK_REPORT 6 -1 32 0 16796 311 90 375. 8. 26 -1.44846318046e+12
32.086 6 FINKEN_SENSOR_MODEL 215 155 126 90 0. 0. 0.460938 0.016602 0.002441 2.815674 0. 0. 0. 0.369141 0.006348 -0.04248 -0.821289 -0.646484 -10.354492
32.186 6 FINKEN_SENSOR_MODEL 215 156 124 90 0. 0. 0.421875 0.02002 0.003174 2.815918 0. 0. 0. 0.046631 0.119141 -0.009521 -0.697266 0.046875 -10.420898
32.283 6 FINKEN_SENSOR_MODEL 173 157 121 91 0. 0. 0.386719 0.020996 0.008789 2.815918 0. 0. 0. -0.200928 0.139404 -0.030762 0.498047 0.046875 -10.703125
32.383 6 FINKEN_SENSOR_MODEL 111 158 119 91 0. 0. 0.363281 0.02832 0.012207 2.816162 0. 0. 0. -0.11377 0.043457 -0.055176 0.013672 -0.051758 -10.885742
32.397 6 FINKEN_IR_ADC 0.349333 1916
32.507 6 ROTORCRAFT_NAV_STATUS 1 1 120. 0. 1 2 3
32.583 6 FINKEN_SENSOR_MODEL 107 112 115 93 0. 0. 0.339844 0.0354 0.014648 2.815918 0. 0. 0. 0.061523 0. -0.062744 -0.920898 -0.394531 -10.004883
32.650 6 ROTORCRAFT_FP 0 0 -318 0 0 202556 65 151 11537 -637 30720 -318 11478 3371 5
32.728 6 FINKEN_SENSOR_MODEL 180 81 112 95 0. 0. 0.34375 0.03833 0.019043 2.817139 0. 0. 0. 0.155273 0.087158 0.015869 1.837891 0.72168 -9.947266
33.059 6 LINK_REPORT 6 -1 33 0 17337 320 90 541. 9. 26 -1.44846318046e+12
33.204 6 ALIVE 200,125,168,22,34,53,61,96,85,248,81,176,59,195,91,18
33.282 6 FINKEN_SENSOR_MODEL 220 85 105 112 0. 0. 0.328125 0.073242 -0.110107 2.826416 0. 0. 0. -1.9729 0.091309 0.029785 0.673828 1.744141 -10.674805
33.307 6 ROTORCRAFT_STATUS 0 14 0 45 0 13 1 1 4 5 122 314
33.382 6 FINKEN_SENSOR_MODEL 272 88 105 115 0. 0. 0.332031 0.077393 -0.192871 2.821777 0. 0. 0. -1.11084 0.036133 -0.128662 -0.393555 -0.736328 -9.181641
33.395 6 FINKEN_IR_ADC 0.33581 1987
33.646 6 ROTORCRAFT_FP 0 0 -361 0 0 27832 -309 357 11516 -637 30720 -361 11478 3441 6
34.000 6 FINKEN_ACTUATORS_MODEL 0.334721 -11.786308 0. 0.24801
34.060 6 LINK_REPORT 6 -1 34 0 17629 327 94 292. 7. 26 -1.44846318046e+12
34.081 6 FINKEN_SENSOR_MODEL 166 160 100 132 0. 0. 0.296875 0.057617 0.066162 2.824951 0. 0. 0. -4.375977 0.099854 0.166016 -0.464844 1.326172 -9.970703
34.104 6 FINKEN_SYSTEM_SET_POINT 0.6 0. 0. 0.
34.178 6 FINKEN_SENSOR_MODEL 166 161 101 133 0. 0. 0.296875 0.053223 -0.111816 2.828125 0. 0. 0. -1.902588 -0.02002 -0.027588 0.541016 0.389648 -9.530273
34.275 6 FINKEN_SENSOR_MODEL 164 161 104 135 0. 0. 0.308594 0.05127 -0.105957 2.828857 0. 0. 0. 1.235352 -0.036133 -0.145752 1.320312 -0.579102 -10.143555
34.376 6 FINKEN_SENSOR_MODEL 164 158 106 135 0. 0. 0.320312 0.047852 -0.08667 2.828125 0. 0. 0. 1.162109 0.001953 -0.065918 0.084961 0.750977 -9.760742
34.389 6 FINKEN_IR_ADC 0.327619 2030
34.477 6 FINKEN_SENSOR_MODEL 107 156 109 135 0. 0. 0.328125 0.050293 -0.067627 2.826416 0. 0. 0. 0.00415 0.027588 -0.001953 1.006836 1.135742 -9.526367
34.499 6 ROTORCRAFT_NAV_STATUS 3 3 120. 0. 1 2 3
34.575 6 FINKEN_SENSOR_MODEL 70 154 112 136 0. 0. 0.335938 0.046387 -0.032471 2.82666 0. 0. 0. -0.338379 0.02002 -0.041504 1.329102 -0.313477 -9.219727
34.641 6 ROTORCRAFT_FP 0 0 -420 0 0 -26710 -152 204 11583 -637 30720 -420 11478 3317 7
34.718 6 FINKEN_SENSOR_MODEL 126 152 115 138 0. 0. 0.339844 0.086426 -0.025391 2.828125 0. 0. 0. 0.128662 1.7771 0.003174 0.037109 -0.132812 -10.727539
34.800 6 FINKEN_SENSOR_MODEL 164 151 116 139 0. 0. 0.339844 0.231689 -0.030518 2.828613 0. 0. 0. 0.186035 0.283936 -0.046631 1.671875 0.365234 -10.018555
34.874 6 FINKEN_SENSOR_MODEL 221 151 118 140 0. 0. 0.339844 0.186035 -0.029785 2.829346 0. 0. 0. 0.030762 -3.144531 -0.032959 1.647461 0.427734 -9.660156
34.972 6 FINKEN_SENSOR_MODEL 259 151 119 140 0. 0. 0.335938 -0.002686 -0.021973 2.829834 0. 0. 0. -0.147705 -0.311768 -0.051025 -0.056641 -0.764648 -9.889648
35.060 6 LINK_REPORT 6 -1 35 0 18488 341 94 859. 14. 26 -1.44846318046e+12
35.073 6 FINKEN_SENSOR_MODEL 260 152 121 140 0. 0. 0.335938 -0.062012 -0.015381 2.830322 0. 0. 0. -0.018066 0.837402 0.008301 0.070312 -0.674805 -10.607422
35.176 6 FINKEN_SENSOR_MODEL 261 154 121 138 0. 0. 0.335938 -0.025879 -0.014893 2.831299 0. 0. 0. 0.030762 -0.381836 -0.02002 0.973633 0.779297 -10.59375
35.195 6 ALIVE 200,125,168,22,34,53,61,96,85,248,81,176,59,195,91,18
35.275 6 FINKEN_SENSOR_MODEL 150 124 121 136 0. 0. 0.339844 0.019287 -0.013184 2.831543 0. 0. 0. -0.001953 0.235107 -0.007324 2.174805 0.755859 -10.09082
35.298 6 ROTORCRAFT_STATUS 0 14 0 45 0 13 1 1 4 5 121 316
35.378 6 FINKEN_SENSOR_MODEL 114 81 121 134 0. 0. 0.34375 0.023926 -0.008301 2.832275 0. 0. 0. -0.057373 0.479736 0.008301 0.759766 -0.12793 -9.49707
35.387 6 FINKEN_IR_ADC 0.350476 1910
35.473 6 FINKEN_SENSOR_MODEL 228 110 122 134 0. 0. 0.351562 0.04126 -0.014648 2.833984 0. 0. 0. -0.619141 0.949219 0.028564 -0.498047 0.441406 -10.770508
35.493 6 ROTORCRAFT_NAV_STATUS 4 4 120. 0. 1 2 3
35.714 6 FINKEN_SENSOR_MODEL 265 155 122 133 0. 0. 0.359375 0.205811 -0.087158 2.835938 0. 0. 0. 1.361084 -1.477051 -0.007324 2.911133 1.749023 -8.736328
35.793 6 FINKEN_SENSOR_MODEL 265 157 107 133 0. 0. 0.359375 -0.001709 0.02417 2.839111 0. 0. 0. 0.128662 -0.196777 0.030762 0.018555 -0.099609 -10.62207
35.875 6 FINKEN_SENSOR_MODEL 266 157 86 131 0. 0. 0.351562 -0.057617 0.074951 2.841064 0. 0. 0. -0.280762 0. 0.000977 -2.217773 -0.313477 -11.402344
35.970 6 FINKEN_SENSOR_MODEL 230 158 99 127 0. 0. 0.347656 -0.013916 0.075439 2.845215 0. 0. 0. 0.164795 -0.268066 -0.057373 0.944336 0.503906 -10.583984
36.060 6 LINK_REPORT 6 -1 36 0 19233 354 95 745. 13. 27 -1.44846318546e+12
36.073 6 FINKEN_SENSOR_MODEL 120 158 119 125 0. 0. 0.347656 0.016357 0.087402 2.851074 0. 0. 0. 0.980957 0.553223 0.057373 -0.179688 0.950195 -10.119141
36.169 6 FINKEN_SENSOR_MODEL 121 160 119 123 0. 0. 0.347656 0.020752 0.115723 2.853516 0. 0. 0. 0.106201 0.376709 0.037109 -0.597656 0.34668 -9.564453
36.267 6 FINKEN_SENSOR_MODEL 235 159 119 122 0. 0. 0.347656 0.113037 0.038574 2.861572 0. 0. 0. -2.101807 1.503662 0.069092 0.431641 0.613281 -9.420898
36.370 6 FINKEN_SENSOR_MODEL 273 159 120 122 0. 0. 0.355469 0.183838 -0.031006 2.863281 0. 0. 0. -0.86084 0.413818 -0.027588 -1.771484 -1.354492 -10.392578
36.379 6 FINKEN_IR_ADC 0.362667 1846
36.468 6 FINKEN_SENSOR_MODEL 273 155 122 122 0. 0. 0.363281 0.071045 -0.040771 2.867188 0. 0. 0. 0.404297 -2.121826 -0.170166 0.174805 -0.869141 -10.310547
36.493 6 ROTORCRAFT_NAV_STATUS 5 5 120. 0. 1 2 3
36.566 6 FINKEN_SENSOR_MODEL 274 153 126 122 0. 0. 0.367188 -0.009033 -0.044189 2.866943 0. 0. 0. 0.492676 -0.825684 -0.045654 1.751953 -0.68457 -9.162109
36.791 6 FINKEN_SENSOR_MODEL 275 151 130 118 0. 0. 0.363281 -0.010986 -0.012207 2.868164 0. 0. 0. -0.131836 0.206299 -0.000977 0.113281 -0.617188 -10.15332
36.866 6 FINKEN_SENSOR_MODEL 275 146 131 117 0. 0. 0.355469 0.017334 -0.004883 2.869873 0. 0. 0. 0.139404 0.023193 -0.034912 0.388672 0.588867 -9.875
36.878 6 DL_VALUE 45 13.962634
36.969 6 FINKEN_SENSOR_MODEL 202 144 133 117 0. 0. 0.351562 0.032227 -0.003418 2.87085 0. 0. 0. 0.046631 0.128662 -0.001953 0.370117 -0.636719 -10.166992
36.989 6 FINKEN_ACTUATORS_MODEL -0.94907 -0.083602 0. 0.261594
37.061 6 LINK_REPORT 6 -1 37 0 19965 367 96 732. 13. 27 -1.44846318546e+12
37.066 6 FINKEN_SENSOR_MODEL 93 142 135 116 0. 0. 0.34375 0.032227 0.001221 2.873535 0. 0. 0. -0.05957 0.129639 -0.012695 1.386719 -0.293945 -9.765625
37.091 6 FINKEN_SYSTEM_SET_POINT 0.6 0. 0. 0.
37.166 6 FINKEN_SENSOR_MODEL 93 141 136 116 0. 0. 0.339844 0.032471 0.003662 2.875977 0. 0. 0. -0.016846 -0.083008 -0.001953 -0.080078 0.242188 -10.669922
37.188 6 ALIVE 200,125,168,22,34,53,61,96,85,248,81,176,59,195,91,18
37.378 6 FINKEN_IR_ADC 0.338286 1974
37.463 6 FINKEN_SENSOR_MODEL 273 135 142 116 0. 0. 0.335938 0.071045 0.002197 2.885498 0. 0. 0. -0.025391 -2.152832 0.02124 0.388672 0.436523 -10.253906
37.486 6 ROTORCRAFT_NAV_STATUS 6 6 120. 0. 1 2 3
38.062 6 LINK_REPORT 6 -1 38 0 20265 374 97 300. 7. 27 -1.44846318546e+12
38.265 6 FINKEN_SENSOR_MODEL 271 115 161 123 0. 0. 0.359375 0.059326 0.001953 2.898926 0. 0. 0. -0.022217 0.051025 -0.003174 -1.438477 0.003906 -9.238281
38.361 6 FINKEN_SENSOR_MODEL 271 113 164 123 0. 0. 0.355469 0.062012 0.000977 2.89917 0. 0. 0. -0.018066 0.083008 -0.029785 -1.063477 -0.560547 -10.110352
38.373 6 FINKEN_IR_ADC 0.354857 1887
38.458 6 FINKEN_SENSOR_MODEL 271 110 166 123 0. 0. 0.351562 0.058105 -0.014404 2.899658 0. 0. 0. -0.262695 -0.063721 -0.036133 0.512695 -0.712891 -9.506836
38.481 6 ROTORCRAFT_NAV_STATUS 7 7 120. 0. 1 2 3
38.560 6 FINKEN_SENSOR_MODEL 269 107 171 125 0. 0. 0.347656 0.056396 -0.023926 2.900391 0. 0. 0. -0.144531 -0.107422 -0.027588 -0.451172 -0.827148 -10.095703
38.627 6 ROTORCRAFT_FP 0 0 -404 0 0 31248 -111 225 11884 -637 30720 -404 11478 3462 11
38.669 6 INS 0 0 404 0 0 -31434 231 1260 403
38.689 6 WP_MOVED_ENU 1 -637 30720 16640
38.767 6 FINKEN_SENSOR_MODEL 263 101 177 124 0. 0. 0.347656 0.052734 -0.034668 2.901611 0. 0. 0. -0.023193 -0.001953 -0.04248 -0.070312 -0.845703 -10.646484
38.807 6 INS_REF 463580755 10300661 436507982 434622299 12728900 236843 185000 99902.
39.062 6 LINK_REPORT 6 -1 39 0 20831 385 99 566. 11. 27 -1.44846318546e+12
39.159 6 FINKEN_SENSOR_MODEL 150 87 174 131 0. 0. 0.324219 0.050537 -0.053711 2.900146 0. 0. 0. -0.067871 -0.052979 -0.044678 -0.041992 -0.151367 -11.50293
39.181 6 ALIVE 200,125,168,22,34,53,61,96,85,248,81,176,59,195,91,18
39.257 6 FINKEN_SENSOR_MODEL 77 76 192 132 0. 0. 0.324219 0.054199 -0.05127 2.899414 0. 0. 0. 0.066895 0.011475 -0.031738 0.013672 0.603516 -10.262695
39.282 6 ROTORCRAFT_STATUS 0 14 0 45 0 13 1 1 4 5 121 320
39.367 6 FINKEN_SENSOR_MODEL 76 75 194 133 0. 0. 0.332031 0.053955 -0.048828 2.897705 0. 0. 0. -0.009521 0.049805 -0.038086 -0.688477 0.469727 -9.463867
39.702 6 FINKEN_SENSOR_MODEL 75 83 178 135 0. 0. 0.355469 0.205566 -0.047607 2.896729 0. 0. 0. 0.867188 -1.097168 -0.154297 0.393555 0.008789 -9.607422
39.777 6 FINKEN_SENSOR_MODEL 185 83 196 136 0. 0. 0.355469 0.174805 -0.017578 2.895264 0. 0. 0. 0.425537 -0.128662 -0.034912 1.010742 0.270508 -9.827148
39.853 6 FINKEN_SENSOR_MODEL 259 84 194 133 0. 0. 0.34375 0.115234 -0.003906 2.894287 0. 0. 0. -0.154297 -1.364258 -0.056396 0.77832 -0.436523 -9.917969
39.864 6 DL_VALUE 46 0.85
39.955 6 FINKEN_SENSOR_MODEL 261 85 192 132 0. 0. 0.347656 -0.057129 0.000977 2.893311 0. 0. 0. -0.221191 -0.406494 -0.026367 -0.569336 -0.075195 -10.904297
39.975 6 FINKEN_ACTUATORS_MODEL -3.401795 -0.99683 0. 0.254607
40.054 6 FINKEN_SENSOR_MODEL 263 87 190 126 0. 0. 0.363281 -0.095947 -0.000488 2.893555 0. 0. 0. 0.087158 0.184082 -0.005127 -1.466797 0.926758 -10.794922
40.062 6 LINK_REPORT 6 -1 40 0 21502 397 101 671. 12. 27 -1.44846318546e+12
40.075 6 FINKEN_SYSTEM_SET_POINT 0.6 0. 0. 0.
40.153 6 FINKEN_SENSOR_MODEL 159 88 189 123 0. 0. 0.386719 -0.027588 -0.00293 2.895752 0. 0. 0. 0.038086 -0.164795 -0.009521 -2.108398 -0.213867 -9.592773
40.366 6 FINKEN_IR_ADC 0.365524 1831
40.451 6 FINKEN_SENSOR_MODEL 277 95 185 112 0. 0. 0.363281 0.0271 0.012939 2.900391 0. 0. 0. 0.116943 -0.193604 -0.008301 0.166016 0.494141 -10.828125
40.476 6 ROTORCRAFT_NAV_STATUS 9 9 120. 0. 1 2 3
40.551 6 FINKEN_SENSOR_MODEL 278 95 183 111 0. 0. 0.355469 0.030762 0.015625 2.901855 0. 0. 0. -0.069092 -0.034912 -0.000977 -0.255859 -0.327148 -10.249023
40.950 6 FINKEN_SENSOR_MODEL 134 98 181 109 0. 0. 0.351562 0.026855 0.010498 2.904053 0. 0. 0. -0.065918 0.07959 0.00415 -1.756836 0.327148 -9.477539
41.050 6 FINKEN_SENSOR_MODEL 96 100 180 109 0. 0. 0.355469 0.029297 0.007568 2.904297 0. 0. 0. -0.073242 0.025391 -0.04248 -0.536133 -0.650391 -10.483398
41.062 6 LINK_REPORT 6 -1 41 0 21927 405 104 425. 8. 28 -1.44846319046e+12
41.150 6 FINKEN_SENSOR_MODEL 96 100 180 110 0. 0. 0.359375 0.036377 0.005859 2.904785 0. 0. 0. -0.098877 0.003174 0.016846 -0.99707 -0.013672 -9.43457
41.175 6 ALIVE 200,125,168,22,34,53,61,96,85,248,81,176,59,195,91,18
41.253 6 FINKEN_SENSOR_MODEL 132 100 181 111 0. 0. 0.363281 0.083984 0.006592 2.907471 0. 0. 0. -0.034912 1.575928 0.024414 -1.970703 -0.289062 -11.182617
41.272 6 ROTORCRAFT_STATUS 0 14 0 45 0 13 1 1 4 5 120 322
41.352 6 FINKEN_SENSOR_MODEL 243 100 182 112 0. 0. 0.359375 0.174805 0.004883 2.9104 0. 0. 0. 0.005127 0.107422 -0.014893 -0.668945 -0.094727 -9.62207
41.363 6 FINKEN_IR_ADC 0.365143 1833
41.631 6 WIND_INFO 6 42 0. 0. 0.
41.948 6 FINKEN_SENSOR_MODEL 280 98 182 116 0. 0. 0.421875 0.048584 -0.008545 2.919922 0. 0. 0. 0.007324 0.270264 -0.006348 0.070312 0.370117 -9.578125
42.047 6 FINKEN_SENSOR_MODEL 279 98 182 118 0. 0. 0.433594 0.049805 -0.013916 2.92041 0. 0. 0. -0.071289 0.111572 0.005127 -0.864258 -0.517578 -9.975586
42.063 6 LINK_REPORT 6 -1 42 0 22355 413 107 428. 8. 29 -1.44846319046e+12
42.148 6 FINKEN_SENSOR_MODEL 278 96 182 118 0. 0. 0.414062 0.055908 -0.018311 2.920898 0. 0. 0. -0.049805 -0.054199 -0.012695 -0.801758 0.341797 -8.462891
42.247 6 FINKEN_SENSOR_MODEL 278 96 183 119 0. 0. 0.382812 0.058594 -0.020752 2.920654 0. 0. 0. 0.010498 0.052002 -0.043457 -0.12793 0.179688 -10.334961
42.345 6 FINKEN_SENSOR_MODEL 279 95 185 119 0. 0. 0.355469 0.063232 -0.02002 2.920166 0. 0. 0. -0.081787 0.178711 -0.028564 0.061523 0.56543 -10.387695
42.357 6 FINKEN_IR_ADC 0.350476 1910
42.445 6 FINKEN_SENSOR_MODEL 203 95 138 119 0. 0. 0.347656 0.064209 -0.021973 2.920166 0. 0. 0. -0.032959 0.036133 -0.039307 0.626953 -0.398438 -10.057617
42.467 6 ROTORCRAFT_NAV_STATUS 11 11 120. 0. 1 2 3
42.546 6 FINKEN_SENSOR_MODEL 91 93 107 119 0. 0. 0.359375 0.066162 -0.024658 2.919434 0. 0. 0. -0.043457 0.031738 -0.02002 0.678711 0.285156 -10.0625
42.611 6 ROTORCRAFT_FP 0 0 -476 0 0 41182 -86 256 11953 -637 30720 -476 11478 3411 15
42.688 6 FINKEN_SENSOR_MODEL 91 93 155 121 0. 0. 0.371094 0.062256 -0.020508 2.918213 0. 0. 0. 0.011475 -0.084961 -0.02124 -1.287109 -0.151367 -9.750977
42.765 6 FINKEN_SENSOR_MODEL 91 91 187 121 0. 0. 0.386719 0.060547 -0.019043 2.917725 0. 0. 0. -0.067871 0.008301 -0.031738 -0.023438 -1.087891 -9.018555
42.843 6 FINKEN_SENSOR_MODEL 167 91 187 122 0. 0. 0.398438 0.136963 -0.019775 2.918701 0. 0. 0. -0.078613 1.228027 -0.02002 0.602539 -0.075195 -10.052734
42.855 6 DL_VALUE 47 100.
42.944 6 FINKEN_SENSOR_MODEL 282 91 187 121 0. 0. 0.414062 0.177734 -0.020264 2.917236 0. 0. 0. -0.019043 0.360596 -0.04248 -1.657227 -0.398438 -9.884766
42.968 6 FINKEN_ACTUATORS_MODEL -4.381012 -1.537301 0. 0.258415
43.040 6 FINKEN_SENSOR_MODEL 258 91 187 120 0. 0. 0.421875 0.175537 -0.021484 2.916748 0. 0. 0. 0.081787 -1.426025 -0.089355 0.574219 -0.883789 -8.027344
43.063 6 LINK_REPORT 6 -1 43 0 23225 428 107 870. 15. 29 -1.44846319046e+12
43.064 6 FINKEN_SYSTEM_SET_POINT 0.6 0. 0. 0.
43.143 6 FINKEN_SENSOR_MODEL 223 91 187 119 0. 0. 0.425781 0.032227 -0.019531 2.914551 0. 0. 0. -0.038086 -0.325439 -0.086182 0.204102 0.023438 -9.630859
43.167 6 ALIVE 200,125,168,22,34,53,61,96,85,248,81,176,59,195,91,18
43.243 6 FINKEN_SENSOR_MODEL 245 91 187 119 0. 0. 0.433594 -0.014404 -0.016846 2.912354 0. 0. 0. 0.060547 -0.120117 -0.036133 -0.246094 0.537109 -10.249023
43.266 6 ROTORCRAFT_STATUS 0 14 0 45 0 13 1 1 4 5 121 324
43.344 6 FINKEN_SENSOR_MODEL 278 91 181 117 0. 0. 0.429688 0.011719 -0.013672 2.910889 0. 0. 0. -0.09668 -0.19458 -0.061523 1.695312 -0.146484 -10.023438
43.356 6 FINKEN_IR_ADC 0.4264 1584
43.439 6 FINKEN_SENSOR_MODEL 207 90 161 114 0. 0. 0.425781 0.025879 -0.01001 2.909424 0. 0. 0. -0.076416 0.435059 -0.034912 0.40332 -0.075195 -9.487305
43.462 6 ROTORCRAFT_NAV_STATUS 12 12 120. 0. 1 2 3
43.538 6 FINKEN_SENSOR_MODEL 101 89 161 112 0. 0. 0.417969 0.028564 -0.009766 2.908691 0. 0. 0. 0.02124 0.122314 -0.041504 -1.063477 -0.507812 -10.550781
43.606 6 ROTORCRAFT_FP 0 0 -526 0 0 -49154 -59 115 11903 -637 30720 -526 11478 3567 16
43.650 6 INS 0 0 526 0 0 47877 114 319 -1004
43.670 6 WP_MOVED_ENU 0 10529 10974 16640
43.747 6 FINKEN_SENSOR_MODEL 285 91 186 108 0. 0. 0.40625 0.026611 -0.019043 2.901123 0. 0. 0. -0.148926 0. -0.07959 0.431641 0.336914 -10.310547
43.786 6 INS_REF 463580755 10300661 436507982 434622299 12728900 236843 185000 99902.
44.064 6 LINK_REPORT 6 -1 44 0 23933 443 107 708. 15. 29 -1.44846319046e+12
44.237 6 FINKEN_SENSOR_MODEL 287 92 180 103 0. 0. 0.5 0.028809 0.002441 2.891113 0. 0. 0. -0.038086 0.073242 -0.005127 1.486328 0.422852 -8.678711
44.339 6 FINKEN_SENSOR_MODEL 287 93 179 104 0. 0. 0.476562 0.032227 -0.000244 2.890381 0. 0. 0. -0.001953 0.014893 -0.044678 -0.859375 -0.988281 -10.014648
44.352 6 FINKEN_IR_ADC 0.4408 1548
44.935 6 FINKEN_SENSOR_MODEL 281 99 176 110 0. 0. 0.382812 0.068604 0.007324 2.891846 0. 0. 0. -0.048828 0.001953 -0.006348 -0.797852 -0.375 -9.851562
45.034 6 FINKEN_SENSOR_MODEL 278 99 177 111 0. 0. 0.394531 0.070068 0.010254 2.893066 0. 0. 0. -0.039307 0.018066 -0.011475 1.652344 0.537109 -9.894531
45.065 6 LINK_REPORT 6 -1 45 0 24241 448 111 308. 5. 29 -1.44846319046e+12
45.137 6 FINKEN_SENSOR_MODEL 277 100 176 112 0. 0. 0.417969 0.071045 0.006348 2.894531 0. 0. 0. -0.027588 0.072266 -0.02124 0.265625 -0.731445 -9.46875
45.162 6 ALIVE 200,125,168,22,34,53,61,96,85,248,81,176,59,195,91,18
45.240 6 FINKEN_SENSOR_MODEL 275 100 176 114 0. 0. 0.433594 0.072998 0.00415 2.895264 0. 0. 0. -0.022217 0.116943 0.014893 0.512695 -0.204102 -9.429688
45.266 6 ROTORCRAFT_STATUS 0 14 0 46 0 13 1 1 4 5 121 326
45.340 6 FINKEN_SENSOR_MODEL 275 100 176 116 0. 0. 0.445312 0.079102 0.005127 2.89624 0. 0. 0. -0.036133 0.038086 -0.014893 1.80957 0.688477 -10.148438
45.356 6 FINKEN_IR_ADC 0.454 1515
45.434 6 FINKEN_SENSOR_MODEL 275 99 176 117 0. 0. 0.453125 0.080811 -0.000732 2.895264 0. 0. 0. -0.070068 0.084961 -0.023193 0.199219 0.427734 -9.755859
45.459 6 ROTORCRAFT_NAV_STATUS 14 14 120. 0. 1 2 3
45.536 6 FINKEN_SENSOR_MODEL 274 99 176 120 0. 0. 0.46875 0.081299 -0.001221 2.894043 0. 0. 0. -0.114746 0.040283 -0.041504 0.018555 -0.303711 -9.49707
45.756 6 FINKEN_SENSOR_MODEL 270 100 177 121 0. 0. 0.488281 0.083496 -0.008789 2.891846 0. 0. 0. -0.094482 0.026367 0.003174 1.115234 0.507812 -9.439453
45.835 6 FINKEN_SENSOR_MODEL 270 98 179 122 0. 0. 0.460938 0.075928 -0.008545 2.890381 0. 0. 0. 0.016846 -0.056396 -0.013672 0.383789 -0.099609 -10.272461
45.851 6 DL_VALUE 48 100.
45.930 6 FINKEN_SENSOR_MODEL 270 97 179 122 0. 0. 0.417969 0.072754 -0.009277 2.888916 0. 0. 0. 0.008301 -0.036133 -0.083984 0.141602 -0.921875 -10.885742
45.965 6 FINKEN_ACTUATORS_MODEL 0.264518 -1.336935 0. 0.319962
46.041 6 FINKEN_SENSOR_MODEL 273 96 181 123 0. 0. 0.371094 0.064453 -0.010498 2.88623 0. 0. 0. -0.02124 0.019043 -0.080811 1.428711 -0.199219 -11.880859
46.064 6 FINKEN_SYSTEM_SET_POINT 0.6 0. 0. 0.
46.065 6 LINK_REPORT 6 -1 46 0 25041 464 112 800. 16. 30 -1.44846319546e+12
46.140 6 FINKEN_SENSOR_MODEL 274 95 182 123 0. 0. 0.355469 0.063721 -0.013428 2.882568 0. 0. 0. 0.071289 -0.089355 -0.087158 -0.166016 0.094727 -11.915039
46.329 6 FINKEN_SENSOR_MODEL 241 94 185 122 0. 0. 0.386719 0.057617 -0.02002 2.873535 0. 0. 0. -0.1521 0.008301 -0.091309 -0.099609 -0.441406 -9.569336
46.350 6 FINKEN_IR_ADC 0.4144 1614
46.427 6 FINKEN_SENSOR_MODEL 132 92 187 121 0. 0. 0.414062 0.055664 -0.017334 2.870361 0. 0. 0. -0.04248 -0.070068 -0.054199 2.013672 0.874023 -9.72168
46.459 6 ROTORCRAFT_NAV_STATUS 15 15 120. 0. 1 2 3
46.538 6 FINKEN_SENSOR_MODEL 132 91 188 120 0. 0. 0.441406 0.052734 -0.016113 2.866699 0. 0. 0. -0.010498 0.02002 -0.054199 0.740234 0.375 -9.726562
46.604 6 ROTORCRAFT_FP 0 0 -412 0 0 44472 -74 387 11726 -637 30720 -412 11478 3237 19
46.679 6 FINKEN_SENSOR_MODEL 241 89 189 119 0. 0. 0.472656 0.083984 -0.017578 2.863037 0. 0. 0. -0.083008 1.048096 -0.047852 1.025391 0.489258 -9.229492
46.757 6 FINKEN_SENSOR_MODEL 278 88 189 117 0. 0. 0.484375 0.140625 -0.022217 2.858643 0. 0. 0. 0.014893 0.015869 -0.069092 0.379883 0.503906 -8.875
46.837 6 FINKEN_SENSOR_MODEL 280 87 190 116 0. 0. 0.488281 0.088867 -0.025879 2.854492 0. 0. 0. -0.048828 -1.726074 -0.13501 0.118164 -0.265625 -9.789062
46.928 6 FINKEN_SENSOR_MODEL 247 87 191 113 0. 0. 0.484375 0.011719 -0.027832 2.850098 0. 0. 0. -0.033936 -0.02124 -0.064697 0.597656 -0.242188 -9.980469
47.028 6 FINKEN_SENSOR_MODEL 198 85 192 111 0. 0. 0.480469 -0.019043 -0.024902 2.846436 0. 0. 0. 0.07959 0.256348 -0.066895 -1.262695 -1.150391 -10.014648
47.066 6 LINK_REPORT 6 -1 47 0 25804 476 112 763. 12. 30 -1.44846319546e+12
47.125 6 FINKEN_SENSOR_MODEL 234 85 193 110 0. 0. 0.46875 -0.007568 -0.025146 2.84375 0. 0. 0. 0.037109 -0.157471 -0.038086 -0.792969 -0.34668 -10.775391
47.166 6 ALIVE 200,125,168,22,34,53,61,96,85,248,81,176,59,195,91,18
47.237 6 FINKEN_SENSOR_MODEL 290 84 194 108 0. 0. 0.460938 0.004883 -0.022705 2.840332 0. 0. 0. -0.184082 -0.001953 -0.043457 1.106445 0.208984 -10.607422
47.264 6 ROTORCRAFT_STATUS 0 14 0 45 0 13 1 1 4 5 120 328
47.339 6 FINKEN_SENSOR_MODEL 290 84 193 106 0. 0. 0.457031 0.012451 -0.022217 2.837646 0. 0. 0. -0.037109 0.11377 -0.049805 -2.18457 -0.265625 -9.688477
47.355 6 FINKEN_IR_ADC 0.4568 1508
47.603 6 ROTORCRAFT_FP 0 0 -400 0 0 58976 -80 89 11587 -637 30720 -400 11478 3517 20
47.680 6 FINKEN_SENSOR_MODEL 106 84 192 104 0. 0. 0.453125 0.020508 -0.02002 2.829102 0. 0. 0. 0. 0.081787 -0.051025 -0.821289 -0.365234 -9.861328
47.759 6 FINKEN_SENSOR_MODEL 180 84 191 105 0. 0. 0.457031 0.026611 -0.015625 2.82666 0. 0. 0. 0.02002 0.056396 -0.038086 1.761719 1.107422 -10.105469
47.836 6 FINKEN_SENSOR_MODEL 291 85 190 105 0. 0. 0.457031 0.0354 -0.011475 2.825195 0. 0. 0. 0.018066 0.135986 -0.015869 -1.149414 -0.237305 -9.554688
47.924 6 FINKEN_SENSOR_MODEL 288 86 189 107 0. 0. 0.457031 0.040527 -0.01123 2.824219 0. 0. 0. 0.023193 0.032959 -0.031738 1.249023 0.094727 -9.612305
48.023 6 FINKEN_SENSOR_MODEL 285 87 188 107 0. 0. 0.445312 0.049072 -0.003662 2.824707 0. 0. 0. 0.11792 0.182861 -0.032959 -0.806641 -0.323242 -9.980469
48.066 6 LINK_REPORT 6 -1 48 0 26518 488 113 714. 12. 30 -1.44846319546e+12
48.121 6 FINKEN_SENSOR_MODEL 283 88 187 109 0. 0. 0.433594 0.053711 -0.003662 2.825195 0. 0. 0. -0.008301 0.05957 -0.045654 1.129883 -0.170898 -10.463867
48.221 6 FINKEN_SENSOR_MODEL 280 90 187 110 0. 0. 0.464844 0.055176 -0.001709 2.824951 0. 0. 0. -0.032959 -0.030762 -0.057373 0.250977 -0.579102 -9.665039
48.461 6 ROTORCRAFT_NAV_STATUS 17 17 120. 0. 1 2 3
48.538 6 FINKEN_SENSOR_MODEL 273 95 182 103 0. 0. 0.488281 0.066406 0.006592 2.823975 0. 0. 0. -0.018066 0.028564 -0.007324 -0.90625 0.242188 -9.635742
48.602 6 ROTORCRAFT_FP 0 0 -279 0 0 152410 35 217 11567 -637 30720 -279 11478 3765 21
48.746 6 FINKEN_SENSOR_MODEL 267 96 179 123 0. 0. 0.445312 0.038086 0.010986 2.822266 0. 0. 0. -0.052979 0.114746 -0.009521 -1.310547 0.912109 -10.344727
48.784 6 INS_REF 463580755 10300661 436507982 434622299 12728900 236843 185000 99902.
48.861 6 FINKEN_SENSOR_MODEL 265 98 179 126 0. 0. 0.433594 0.053223 0.010986 2.820557 0. 0. 0. -0.057373 0.819336 -0.028564 -0.023438 -0.260742 -10.755859
48.873 6 DL_VALUE 49 75.
48.950 6 FINKEN_SENSOR_MODEL 262 99 179 129 0. 0. 0.4375 0.095215 0.006348 2.819336 0. 0. 0. -0.061523 0.02124 -0.000977 -0.426758 -0.242188 -9.822266
48.973 6 FINKEN_ACTUATORS_MODEL 1.146575 0.219081 0. 0.264738
49.050 6 FINKEN_SENSOR_MODEL 261 100 178 132 0. 0. 0.445312 0.095947 0.006348 2.817871 0. 0. 0. -0.031738 -0.318115 -0.037109 1.224609 0.170898 -9.726562
49.066 6 LINK_REPORT 6 -1 49 0 27192 500 115 674. 12. 30 -1.44846319546e+12
49.072 6 FINKEN_SYSTEM_SET_POINT 0.6 0. 0. 0.
49.149 6 FINKEN_SENSOR_MODEL 259 101 177 135 0. 0. 0.457031 0.080566 0.008301 2.816895 0. 0. 0. -0.047852 0.041504 -0.02002 -0.992188 -0.545898 -9.363281
49.172 6 ALIVE 200,125,168,22,34,53,61,96,85,248,81,176,59,195,91,18
49.254 6 FINKEN_SENSOR_MODEL 259 101 177 139 0. 0. 0.46875 0.064453 0.007324 2.81543 0. 0. 0. -0.043457 -0.016846 -0.022217 -0.02832 0.541016 -9.43457
49.279 6 ROTORCRAFT_STATUS 0 14 0 46 0 13 1 1 4 5 120 330
49.607 6 ROTORCRAFT_FP 0 0 -313 0 0 85978 -22 235 11537 -637 30720 -313 11478 3409 22
49.716 6 FINKEN_SENSOR_MODEL 242 98 179 151 0. 0. 0.503906 0.059326 -0.005859 2.817627 0. 0. 0. -0.030762 0.028564 -0.025391 0.212891 -0.099609 -9.803711
49.819 6 FINKEN_SENSOR_MODEL 241 98 179 154 0. 0. 0.507812 0.056152 -0.011963 2.817627 0. 0. 0. -0.062744 0.083008 -0.032959 0.075195 -0.650391 -9.607422
49.916 6 FINKEN_SENSOR_MODEL 239 97 179 156 0. 0. 0.519531 0.053955 -0.015381 2.81958 0. 0. 0. 0.033936 0.077637 0. 1.229492 0.303711 -9.741211
50.067 6 LINK_REPORT 6 -1 50 0 27694 509 116 502. 9. 30 -1.44846319546e+12
50.512 6 FINKEN_SENSOR_MODEL 225 92 183 169 0. 0. 0.488281 0.052002 -0.016113 2.848145 0. 0. 0. -0.028564 0.034912 0.023193 -0.208984 -0.336914 -10.234375
50.534 6 ROTORCRAFT_NAV_STATUS 19 19 120. 0. 1 2 3
51.067 6 LINK_REPORT 6 -1 51 0 27789 511 118 95. 2. 31 -1.44846320046e+12
51.337 6 ROTORCRAFT_STATUS 0 14 0 45 0 13 1 1 4 5 120 332
51.529 6 ROTORCRAFT_NAV_STATUS 20 20 120. 0. 1 2 3
51.608 6 FINKEN_SENSOR_MODEL 196 91 178 197 0. 0. 0.484375 0.068359 -0.008057 2.917725 0. 0. 0. -0.051025 0.29248 0.045654 -0.250977 0.051758 -10.282227
51.632 6 WIND_INFO 6 42 0. 0. 0.
51.807 6 FINKEN_SENSOR_MODEL 193 92 177 202 0. 0. 0.429688 0.099854 -0.00708 2.930664 0. 0. 0. 0.075439 -0.306396 0.065918 1.035156 0.603516 -10.727539
51.905 6 FINKEN_SENSOR_MODEL 190 91 177 204 0. 0. 0.398438 0.074463 -0.004639 2.936523 0. 0. 0. -0.078613 -0.046631 0.008301 -0.944336 -0.408203 -10.617188
51.921 6 DL_VALUE 50 0.
52.006 6 FINKEN_SENSOR_MODEL 188 91 176 207 0. 0. 0.394531 0.060791 -0.003418 2.943115 0. 0. 0. -0.092529 -0.030762 0.039307 -0.987305 0.583984 -10.875977
52.030 6 FINKEN_ACTUATORS_MODEL 0. -0.98356 0. 0.285548
52.067 6 LINK_REPORT 6 -1 52 0 28162 519 123 373. 8. 32 -1.44846320046e+12
52.109 6 FINKEN_SENSOR_MODEL 185 92 176 207 0. 0. 0.402344 0.061035 -0.005127 2.94751 0. 0. 0. -0.014893 -0.061523 0.009521 -0.564453 0.332031 -11.177734
52.128 6 FINKEN_SYSTEM_SET_POINT 0.6 0. 0. 0.
52.206 6 FINKEN_SENSOR_MODEL 183 93 175 207 0. 0. 0.429688 0.0896 -0.005127 2.951904 0. 0. 0. -0.011475 0.713867 0.02002 1.458008 -0.260742 -9.46875
52.307 6 FINKEN_SENSOR_MODEL 182 93 175 209 0. 0. 0.460938 0.114502 -0.003906 2.955566 0. 0. 0. -0.072266 0.121094 0.02124 1.405273 0.541016 -9.96582
52.406 6 FINKEN_SENSOR_MODEL 180 93 175 212 0. 0. 0.484375 0.130859 0.001221 2.958984 0. 0. 0. 0.060547 0.0979 0.031738 0.375 0.40332 -9.325195
52.419 6 FINKEN_IR_ADC 0.4904 1424
52.511 6 FINKEN_SENSOR_MODEL 179 92 175 211 0. 0. 0.496094 0.132812 0.003174 2.961426 0. 0. 0. 0.032959 -0.009521 0.009521 -1.780273 -0.336914 -9.114258
52.902 6 FINKEN_SENSOR_MODEL 180 92 178 209 0. 0. 0.511719 0.083008 -0.026123 2.974121 0. 0. 0. -0.012695 -0.077637 0.015869 -0.161133 0.118164 -9.612305
53.001 6 FINKEN_SENSOR_MODEL 180 92 177 208 0. 0. 0.492188 0.089844 -0.033691 2.976562 0. 0. 0. -0.045654 0.178711 0.008301 -0.170898 0.189453 -9.291016
53.067 6 LINK_REPORT 6 -1 53 0 28714 528 125 552. 9. 32 -1.44846320046e+12
53.102 6 FINKEN_SENSOR_MODEL 182 92 177 207 0. 0. 0.503906 0.094482 -0.034668 2.979736 0. 0. 0. -0.078613 0.131836 0. -0.046875 0.066406 -9.726562
53.524 6 ROTORCRAFT_NAV_STATUS 22 22 120. 0. 1 2 3
53.537 6 UART_ERRORS 0 0 0 3
53.614 6 FINKEN_SENSOR_MODEL 192 92 182 197 0. 0. 0.441406 0.121826 -0.039551 3.00293 0. 0. 0. -0.010498 0.003174 -0.012695 0.436523 -0.484375 -11.029297
53.658 6 INS 0 0 460 0 0 -312 202 274 -1700
53.735 6 FINKEN_SENSOR_MODEL 195 92 182 193 0. 0. 0.4375 0.125488 -0.046875 3.008057 0. 0. 0. 0.015869 -0.008301 0.04248 -0.602539 -0.270508 -11.723633
53.755 6 WP_MOVED_ENU 0 10529 10974 16640
53.833 6 FINKEN_SENSOR_MODEL 199 93 182 191 0. 0. 0.457031 0.105957 -0.044189 3.012451 0. 0. 0. 0.25 -0.579834 -0.033936 -1.80957 -0.137695 -10.209961
53.877 6 INS_REF 463580755 10300661 436507982 434622299 12728900 236843 185000 99902.
54.067 6 LINK_REPORT 6 -1 54 0 29143 537 126 429. 9. 32 -1.44846320046e+12
54.414 6 FINKEN_IR_ADC 0.4988 1403
54.739 6 FINKEN_SENSOR_MODEL 214 110 170 149 0. 0. 0.507812 0.030518 0.03418 3.026123 0. 0. 0. -0.05957 -0.052002 -0.02002 -1.091797 -0.370117 -9.90918
54.906 6 DL_VALUE 51 0.
54.997 6 FINKEN_SENSOR_MODEL 255 112 165 136 0. 0. 0.519531 0.043213 0.014893 3.029297 0. 0. 0. -0.688477 0.197754 0.046631 0.469727 0.936523 -9.952148
55.018 6 FINKEN_ACTUATORS_MODEL 0.888865 -2.868193 0. 0.267087
55.068 6 LINK_REPORT 6 -1 55 0 29336 542 130 193. 5. 32 -1.44846320046e+12
55.094 6 FINKEN_SENSOR_MODEL 259 113 164 130 0. 0. 0.539062 0.053223 -0.018555 3.029541 0. 0. 0. -0.169189 -0.010498 -0.028564 2.189453 -0.12793 -9.650391
55.120 6 FINKEN_SYSTEM_SET_POINT 0.6 0. 0. 0.
55.195 6 FINKEN_SENSOR_MODEL 263 113 163 125 0. 0. 0.554688 0.05249 -0.017334 3.028564 0. 0. 0. 0.561768 -0.13501 -0.039307 0.123047 0.755859 -8.870117
55.220 6 ALIVE 200,125,168,22,34,53,61,96,85,248,81,176,59,195,91,18
55.417 6 FINKEN_IR_ADC 0.5436 1291
55.491 6 FINKEN_SENSOR_MODEL 273 114 160 111 0. 0. 0.542969 0.053223 0.003906 3.029785 0. 0. 0. -0.11377 0.041504 -0.023193 -1.675781 0.356445 -9.574219
55.514 6 ROTORCRAFT_NAV_STATUS 24 24 120. 0. 1 2 3
55.736 6 FINKEN_SENSOR_MODEL 278 116 157 102 0. 0. 0.53125 0.016602 0.010986 3.028076 0. 0. 0. 0.027588 -0.139404 0.013672 0.464844 0.769531 -10.44043
55.815 6 FINKEN_SENSOR_MODEL 281 112 155 100 0. 0. 0.527344 0.007324 0.006592 3.027588 0. 0. 0. -0.503174 -0.077637 -0.019043 -0.388672 1.420898 -9.9375
55.893 6 FINKEN_SENSOR_MODEL 282 107 154 97 0. 0. 0.53125 -0.00708 -0.029053 3.027832 0. 0. 0. -0.073242 -0.05957 -0.057373 -1.552734 -0.969727 -9.813477
55.991 6 FINKEN_SENSOR_MODEL 284 109 153 95 0. 0. 0.539062 -0.01123 -0.043213 3.026855 0. 0. 0. 0.196777 0.04248 0.016846 1.466797 0.46582 -9.43457
56.068 6 LINK_REPORT 6 -1 56 0 29932 553 132 596. 11. 33 -1.44846320546e+12
56.089 6 FINKEN_SENSOR_MODEL 285 113 152 93 0. 0. 0.542969 -0.011475 -0.0271 3.026123 0. 0. 0. -0.17749 0.029785 -0.014893 1.144531 0.912109 -9.798828
56.191 6 FINKEN_SENSOR_MODEL 285 114 152 92 0. 0. 0.539062 -0.004395 -0.027344 3.026855 0. 0. 0. -0.297852 0.147705 -0.007324 0.265625 0.432617 -10.349609
56.288 6 FINKEN_SENSOR_MODEL 285 115 150 92 0. 0. 0.535156 0.005371 -0.043945 3.026611 0. 0. 0. -0.003174 0.108398 0.018066 -0.574219 0.779297 -9.688477
56.512 6 ROTORCRAFT_NAV_STATUS 25 25 120. 0. 1 2 3
57.069 6 LINK_REPORT 6 -1 57 0 30175 557 133 243. 4. 33 -1.44846320546e+12
57.188 6 FINKEN_SENSOR_MODEL 260 131 139 116 0. 0. 0.519531 0.108154 0.02002 3.038086 0. 0. 0. -0.095703 0.348877 0.016846 0.108398 0.436523 -10.158203
57.209 6 ALIVE 200,125,168,22,34,53,61,96,85,248,81,176,59,195,91,18
57.289 6 FINKEN_SENSOR_MODEL 257 133 137 122 0. 0. 0.53125 0.121826 0.018311 3.040527 0. 0. 0. -0.045654 0.131836 0.011475 -1.287109 -0.199219 -9.40625
57.310 6 ROTORCRAFT_STATUS 0 14 0 45 0 13 1 1 4 5 120 338
57.390 6 FINKEN_SENSOR_MODEL 254 134 137 124 0. 0. 0.542969 0.14209 0.013916 3.042236 0. 0. 0. -0.000977 0.25415 0.005127 -0.146484 0.613281 -9.975586
57.407 6 FINKEN_IR_ADC 0.5464 1284
57.485 6 FINKEN_SENSOR_MODEL 250 135 138 129 0. 0. 0.542969 0.155029 0.011963 3.043945 0. 0. 0. -0.05835 0.137207 0.019043 1.496094 0.041992 -10.493164
57.508 6 ROTORCRAFT_NAV_STATUS 26 26 120. 0. 1 2 3
57.592 6 FINKEN_SENSOR_MODEL 245 135 139 128 0. 0. 0.546875 0.142822 0.010254 3.044922 0. 0. 0. -0.083008 -0.230713 0.015869 -0.626953 0.146484 -9.851562
57.889 6 FINKEN_SENSOR_MODEL 243 134 139 139 0. 0. 0.546875 0.082031 0.007568 3.048096 0. 0. 0. 0.025391 -0.052979 -0.006348 1.695312 1.05957 -9.9375
57.897 6 DL_VALUE 52 0.
57.985 6 FINKEN_SENSOR_MODEL 243 134 140 139 0. 0. 0.539062 0.074707 0.002686 3.049561 0. 0. 0. -0.181885 0.116943 0.02124 0.797852 0.237305 -9.779297
58.010 6 FINKEN_ACTUATORS_MODEL 4.038895 -1.372399 0. 0.278309
58.069 6 LINK_REPORT 6 -1 58 0 30805 570 137 630. 13. 33 -1.44846320546e+12
58.381 6 FINKEN_SENSOR_MODEL 246 129 144 140 0. 0. 0.535156 0.114502 -0.020996 3.047119 0. 0. 0. 0.007324 0.007324 -0.008301 -2.265625 0.260742 -9.980469
58.394 6 FINKEN_IR_ADC 0.536 1310
58.481 6 FINKEN_SENSOR_MODEL 247 128 146 140 0. 0. 0.53125 0.113525 -0.017822 3.047119 0. 0. 0. -0.075439 0.04248 0.001953 2.217773 0.503906 -10.148438
58.502 6 ROTORCRAFT_NAV_STATUS 27 27 120. 0. 1 2 3
59.069 6 LINK_REPORT 6 -1 59 0 30986 574 138 181. 4. 33 -1.44846320546e+12
59.079 6 FINKEN_SENSOR_MODEL 265 119 151 127 0. 0. 0.523438 0.075439 -0.054688 3.050049 0. 0. 0. -0.073242 -0.083008 -0.047852 -1.519531 0.507812 -10.023438
59.178 6 FINKEN_SENSOR_MODEL 269 118 151 121 0. 0. 0.515625 0.060059 -0.040771 3.050293 0. 0. 0. 0.687256 -0.293701 -0.047852 -0.788086 0.166016 -9.861328
59.204 6 ALIVE 200,125,168,22,34,53,61,96,85,248,81,176,59,195,91,18
59.380 6 FINKEN_SENSOR_MODEL 278 118 149 112 0. 0. 0.5 0.037354 -0.006836 3.052002 0. 0. 0. -0.987549 -0.078613 -0.001953 -1.970703 -0.056641 -10.224609
59.391 6 FINKEN_IR_ADC 0.5012 1397
59.477 6 FINKEN_SENSOR_MODEL 284 118 148 108 0. 0. 0.5 0.032227 -0.049805 3.05542 0. 0. 0. -0.073242 0.039307 -0.027588 -1.557617 -0.688477 -10.277344
59.497 6 ROTORCRAFT_NAV_STATUS 28 28 120. 0. 1 2 3
59.579 6 FINKEN_SENSOR_MODEL 289 118 147 102 0. 0. 0.503906 0.016113 -0.042236 3.05542 0. 0. 0. 1.003418 -0.40332 -0.054199 0.066406 0.066406 -10.602539
59.796 6 FINKEN_SENSOR_MODEL 298 120 144 92 0. 0. 0.511719 -0.019043 -0.000244 3.052002 0. 0. 0. -0.42334 -0.198975 -0.045654 0.298828 -1.22168 -10.186523
59.875 6 FINKEN_SENSOR_MODEL 298 121 143 88 0. 0. 0.515625 -0.023682 -0.004639 3.051758 0. 0. 0. -0.065918 -0.088135 -0.014893 -0.569336 -0.285156 -9.501953
60.069 6 LINK_REPORT 6 -1 60 0 31560 584 141 574. 10. 33 -1.44846320546e+12
60.173 6 FINKEN_SENSOR_MODEL 284 127 137 77 0. 0. 0.539062 -0.03125 0.000977 3.051514 0. 0. 0. 0.052002 0.036133 0.009521 0.469727 0.318359 -9.990234
60.273 6 FINKEN_SENSOR_MODEL 243 128 135 74 0. 0. 0.539062 -0.028809 0.014648 3.052002 0. 0. 0. 0.036133 0.02002 0.011475 -1.015625 0.170898 -9.162109
60.372 6 FINKEN_SENSOR_MODEL 230 130 133 73 0. 0. 0.53125 -0.021973 0.017578 3.052002 0. 0. 0. 0.022217 0.11377 -0.02002 0.731445 0.46582 -9.861328
60.388 6 FINKEN_IR_ADC 0.53 1325
60.473 6 FINKEN_SENSOR_MODEL 230 131 132 73 0. 0. 0.527344 -0.012695 0.018066 3.052734 0. 0. 0. -0.040283 0.071289 0.022217 -1.058594 0.460938 -9.257812
60.494 6 ROTORCRAFT_NAV_STATUS 29 29 120. 0. 1 2 3
60.885 6 DL_VALUE 53 0.
61.070 6 LINK_REPORT 6 -1 61 0 31900 591 144 340. 7. 34 -1.44846321046e+12
61.195 6 ALIVE 200,125,168,22,34,53,61,96,85,248,81,176,59,195,91,18
61.491 6 ROTORCRAFT_NAV_STATUS 30 30 120. 0. 1 2 3
61.569 6 FINKEN_SENSOR_MODEL 262 144 128 120 0. 0. 0.527344 0.112305 -0.000244 3.063232 0. 0. 0. -0.285156 0.065918 -0.028564 -0.455078 0.265625 -9.712891
61.633 6 WIND_INFO 6 42 0. 0. 0.
61.789 6 FINKEN_SENSOR_MODEL 252 143 131 131 0. 0. 0.539062 0.113037 -0.025879 3.061768 0. 0. 0. -0.239258 -0.056396 -0.023193 0.118164 0.089844 -9.238281
61.869 6 FINKEN_SENSOR_MODEL 248 142 133 136 0. 0. 0.542969 0.109619 -0.031738 3.0625 0. 0. 0. -0.1521 0.070068 -0.02002 -0.541016 -0.541016 -9.195312
62.070 6 LINK_REPORT 6 -1 62 0 32166 596 149 266. 5. 35 -1.44846321046e+12
62.266 6 FINKEN_SENSOR_MODEL 235 141 133 150 0. 0. 0.527344 0.054688 -0.048096 3.059326 0. 0. 0. 0.008301 0.062744 -0.015869 1.091797 -0.227539 -9.37793
62.367 6 FINKEN_SENSOR_MODEL 233 141 133 153 0. 0. 0.519531 0.052979 -0.0354 3.058838 0. 0. 0. 0.558594 -0.145752 -0.033936 1.044922 0.570312 -10.813477
62.380 6 FINKEN_IR_ADC 0.5128 1368
62.470 6 FINKEN_SENSOR_MODEL 230 143 133 154 0. 0. 0.507812 0.049316 -0.00293 3.057373 0. 0. 0. 0.110596 -0.029785 0.013672 -2.008789 -0.655273 -10.669922
62.487 6 ROTORCRAFT_NAV_STATUS 31 31 120. 0. 1 2 3
62.565 6 FINKEN_SENSOR_MODEL 197 145 132 157 0. 0. 0.492188 0.048828 0.011963 3.057129 0. 0. 0. -0.09668 0.128662 0.040283 0.517578 0.575195 -10.176758
62.633 6 ROTORCRAFT_FP 0 0 -505 0 0 -198448 53 197 12524 -637 30720 -505 11478 3726 35
62.707 6 FINKEN_SENSOR_MODEL 149 145 131 159 0. 0. 0.480469 0.047607 0.014893 3.057861 0. 0. 0. 0.010498 0.045654 0.009521 1.5625 0.807617 -10.760742
62.786 6 FINKEN_SENSOR_MODEL 177 145 128 162 0. 0. 0.484375 0.072021 0.010742 3.057861 0. 0. 0. -0.039307 0.479736 -0.037109 -1.415039 -1.46875 -10.373047
62.966 6 FINKEN_SENSOR_MODEL 218 146 126 168 0. 0. 0.5 0.119629 0.012207 3.05835 0. 0. 0. -0.075439 0.222412 -0.013672 1.353516 0.878906 -9.454102
63.070 6 LINK_REPORT 6 -1 63 0 32781 606 152 615. 10. 35 -1.44846321046e+12
63.461 6 FINKEN_SENSOR_MODEL 208 148 121 177 0. 0. 0.527344 0.052734 0.008545 3.059814 0. 0. 0. -0.120117 -0.074463 0.019043 -0.716797 0.969727 -9.803711
63.482 6 ROTORCRAFT_NAV_STATUS 32 32 120. 0. 1 2 3
63.560 6 FINKEN_SENSOR_MODEL 207 147 121 179 0. 0. 0.527344 0.04248 0.01123 3.060059 0. 0. 0. -0.076416 -0.195801 -0.019043 -0.041992 0.137695 -9.678711
63.628 6 ROTORCRAFT_FP 0 0 -470 0 0 33557 39 136 12529 -637 30720 -470 11478 3586 36
63.675 6 INS 0 0 470 0 0 -33910 -1938 241 -493
63.690 6 WP_MOVED_ENU 0 10529 10974 16640
63.769 6 FINKEN_SENSOR_MODEL 205 138 123 181 0. 0. 0.527344 0.037842 0.008301 3.058594 0. 0. 0. 0.010498 0.218018 0.008301 1.761719 0.822266 -10.602539
63.807 6 INS_REF 463580755 10300661 436507982 434622299 12728900 236843 185000 99902.
63.887 6 FINKEN_SENSOR_MODEL 204 115 124 182 0. 0. 0.53125 0.047607 0.007568 3.059814 0. 0. 0. 0.013672 -0.00415 -0.011475 -0.72168 0.494141 -9.587891
63.895 6 DL_VALUE 54 0.
63.976 6 FINKEN_SENSOR_MODEL 202 114 124 183 0. 0. 0.535156 0.070068 0.008545 3.05957 0. 0. 0. -0.056396 0.298828 -0.00415 -0.579102 -1.045898 -9.712891
64.071 6 LINK_REPORT 6 -1 64 0 33346 617 154 565. 11. 35 -1.44846321046e+12
64.260 6 FINKEN_SENSOR_MODEL 200 137 127 187 0. 0. 0.539062 0.088379 -0.013672 3.056396 0. 0. 0. -0.111572 -0.093506 -0.062744 0.365234 -0.598633 -9.554688
64.358 6 FINKEN_SENSOR_MODEL 197 135 128 189 0. 0. 0.550781 0.084961 -0.022949 3.054688 0. 0. 0. -0.195801 0.043457 -0.003174 0.408203 0.170898 -10.038086
64.368 6 FINKEN_IR_ADC 0.5572 1257
65.071 6 LINK_REPORT 6 -1 65 0 33506 620 155 160. 3. 35 -1.44846321046e+12
65.154 6 FINKEN_SENSOR_MODEL 190 127 125 197 0. 0. 0.558594 0.044922 -0.043213 3.029297 0. 0. 0. 0.071289 -0.044678 -0.067871 -0.697266 -0.161133 -10.420898
65.180 6 ALIVE 200,125,168,22,34,53,61,96,85,248,81,176,59,195,91,18
65.257 6 FINKEN_SENSOR_MODEL 189 127 129 198 0. 0. 0.554688 0.046631 -0.036865 3.026855 0. 0. 0. 0.015869 0.016846 -0.047852 -0.327148 0.441406 -10.277344
65.280 6 ROTORCRAFT_STATUS 0 14 0 45 0 13 1 1 4 5 119 346
65.356 6 FINKEN_SENSOR_MODEL 188 127 137 198 0. 0. 0.550781 0.046875 -0.028809 3.02417 0. 0. 0. 0.287109 0.05835 -0.074463 -0.574219 -0.517578 -10.09082
65.368 6 FINKEN_IR_ADC 0.548 1280
65.454 6 FINKEN_SENSOR_MODEL 187 129 136 198 0. 0. 0.546875 0.047363 0.002441 3.022217 0. 0. 0. 0.015869 0.015869 -0.027588 -1.229492 -0.041992 -9.46875
65.477 6 ROTORCRAFT_NAV_STATUS 34 34 120. 0. 1 2 3
65.554 6 FINKEN_SENSOR_MODEL 185 129 136 198 0. 0. 0.539062 0.047119 0.019043 3.02124 0. 0. 0. 0.012695 -0.029785 -0.022217 0.061523 -1.240234 -10.004883
65.950 6 FINKEN_SENSOR_MODEL 179 134 131 203 0. 0. 0.550781 0.047363 0.065186 3.021484 0. 0. 0. 1.0354 -0.083984 -0.073242 -0.897461 0.151367 -9.712891
66.052 6 FINKEN_SENSOR_MODEL 177 134 130 205 0. 0. 0.546875 0.047119 0.10791 3.020996 0. 0. 0. 0.343506 0.054199 0.02124 -0.507812 -0.555664 -9.693359
66.071 6 LINK_REPORT 6 -1 66 0 34103 631 157 597. 11. 36 -1.44846321546e+12
66.249 6 FINKEN_SENSOR_MODEL 172 135 130 209 0. 0. 0.554688 0.047607 -0.026367 3.017822 0. 0. 0. -0.780029 -0.025391 -0.099854 -2.18457 -2.020508 -10.09082
66.349 6 FINKEN_SENSOR_MODEL 169 132 130 211 0. 0. 0.578125 0.048828 -0.052979 3.014404 0. 0. 0. 0.553223 -0.052002 -0.104248 0.179688 -0.898438 -9.917969
66.364 6 FINKEN_IR_ADC 0.5864 1184
66.449 6 FINKEN_SENSOR_MODEL 167 131 98 214 0. 0. 0.585938 0.048584 -0.036621 3.009521 0. 0. 0. 0.131836 0.102051 -0.081787 0.768555 -0.512695 -9.114258
66.470 6 ROTORCRAFT_NAV_STATUS 35 35 120. 0. 1 2 3
66.551 6 FINKEN_SENSOR_MODEL 164 129 77 217 0. 0. 0.585938 0.049316 -0.008301 3.007568 0. 0. 0. 0.430908 -0.003174 -0.05957 0.208984 -0.512695 -9.678711
66.851 6 FINKEN_SENSOR_MODEL 152 127 135 229 0. 0. 0.5625 0.052979 0.068604 3.005859 0. 0. 0. 0.11792 0.093506 -0.016846 0.626953 0.161133 -9.381836
66.865 6 DL_VALUE 55 0.
67.070 6 FINKEN_SYSTEM_SET_POINT 0.6 0. 0. 0.
67.072 6 LINK_REPORT 6 -1 67 0 34539 640 158 436. 9. 36 -1.44846321546e+12
67.947 6 FINKEN_SENSOR_MODEL 107 100 158 281 0. 0. 0.546875 0.075195 -0.037842 2.948486 0. 0. 0. -0.005127 0.578857 -0.089355 0.008789 0.978516 -10.966797
68.073 6 LINK_REPORT 6 -1 68 0 34613 641 159 74. 1. 36 -1.44846321546e+12
68.345 6 FINKEN_SENSOR_MODEL 93 95 159 239 0. 0. 0.535156 0.148193 -0.034424 2.915771 0. 0. 0. 0.029785 0.043457 -0.116943 -1.229492 -0.089844 -8.645508
68.353 6 FINKEN_IR_ADC 0.5368 1308
68.442 6 FINKEN_SENSOR_MODEL 91 95 159 239 0. 0. 0.535156 0.154053 -0.029053 2.907471 0. 0. 0. -0.099854 0.041504 -0.11377 1.884766 0.441406 -7.180664
68.463 6 ROTORCRAFT_NAV_STATUS 37 37 120. 0. 1 2 3
68.653 6 INS 0 0 305 0 0 139869 918 126 1501
68.669 6 WP_MOVED_ENU 1 -637 30720 16640
68.747 6 FINKEN_SENSOR_MODEL 87 95 160 239 0. 0. 0.425781 0.147949 -0.013672 2.886719 0. 0. 0. -0.015869 -0.052979 -0.112793 0.265625 0.204102 -8.908203
68.789 6 INS_REF 463580755 10300661 436507982 434622299 12728900 236843 185000 99902.
69.073 6 LINK_REPORT 6 -1 69 0 34967 649 162 354. 8. 36 -1.44846321546e+12
70.074 6 LINK_REPORT 6 -1 70 1 34967 649 162 0. 0. 36 -1.44846321546e+12
71.074 6 LINK_REPORT 6 -1 71 2 34967 649 162 0. 0. 37 -1.44846322046e+12
71.634 6 WIND_INFO 6 42 0. 0. 0.
72.075 6 LINK_REPORT 6 -1 72 3 34967 649 162 0. 0. 38 -1.44846322046e+12
73.075 6 LINK_REPORT 6 -1 73 4 34967 649 162 0. 0. 38 -1.44846322046e+12
